100000
-993 -986 -979 -972 -965 -958 -951 -944 -937 -930 -923 -916 -909 -902 -895 -888 -881 -874 -867 -860 -853 -846 -839 -832 -825 -818 -811 -804 -797 -790 -783 -776 -769 -762 -755 -748 -741 -734 -727 -720 -713 -706 -699 -692 -685 -678 -671 -664 -657 -650 -643 -636 -629 -622 -615 -608 -601 -594 -587 -580 -573 -566 -559 -552 -545 -538 -531 -524 -517 -510 -503 -496 -489 -482 -475 -468 -461 -454 -447 -440 -433 -426 -419 -412 -405 -398 -391 -384 -377 -370 -363 -356 -349 -342 -335 -328 -321 -314 -307 -300 
-293 -286 -279 -272 -265 -258 -251 -244 -237 -230 -223 -216 -209 -202 -195 -188 -181 -174 -167 -160 -153 -146 -139 -132 -125 -118 -111 -104 -97 -90 -83 -76 -69 -62 -55 -48 -41 -34 -27 -20 -13 -6 -999 -992 -985 -978 -971 -964 -957 -950 -943 -936 -929 -922 -915 -908 -901 -894 -887 -880 -873 -866 -859 -852 -845 -838 -831 -824 -817 -810 -803 -796 -789 -782 -775 -768 -761 -754 -747 -740 -733 -726 -719 -712 -705 -698 -691 -684 -677 -670 -663 -656 -649 -642 -635 -628 -621 -614 -607 -600 
-593 -586 -579 -572 -565 -558 -551 -544 -537 -530 -523 -516 -509 -502 -495 -488 -481 -474 -467 -460 -453 -446 -439 -432 -425 -418 -411 -404 -397 -390 -383 -376 -369 -362 -355 -348 -341 -334 -327 -320 -313 -306 -299 -292 -285 -278 -271 -264 -257 -250 -243 -236 -229 -222 -215 -208 -201 -194 -187 -180 -173 -166 -159 -152 -145 -138 -131 -124 -117 -110 -103 -96 -89 -82 -75 -68 -61 -54 -47 -40 -33 -26 -19 -12 -5 -998 -991 -984 -977 -970 -963 -956 -949 -942 -935 -928 -921 -914 -907 -900 
-893 -886 -879 -872 -865 -858 -851 -844 -837 -830 -823 -816 -809 -802 -795 -788 -781 -774 -767 -760 -753 -746 -739 -732 -725 -718 -711 -704 -697 -690 -683 -676 -669 -662 -655 -648 -641 -634 -627 -620 -613 -606 -599 -592 -585 -578 -571 -564 -557 -550 -543 -536 -529 -522 -515 -508 -501 -494 -487 -480 -473 -466 -459 -452 -445 -438 -431 -424 -417 -410 -403 -396 -389 -382 -375 -368 -361 -354 -347 -340 -333 -326 -319 -312 -305 -298 -291 -284 -277 -270 -263 -256 -249 -242 -235 -228 -221 -214 -207 -200 
-193 -186 -179 -172 -165 -158 -151 -144 -137 -130 -123 -116 -109 -102 -95 -88 -81 -74 -67 -60 -53 -46 -39 -32 -25 -18 -11 -4 -997 -990 -983 -976 -969 -962 -955 -948 -941 -934 -927 -920 -913 -906 -899 -892 -885 -878 -871 -864 -857 -850 -843 -836 -829 -822 -815 -808 -801 -794 -787 -780 -773 -766 -759 -752 -745 -738 -731 -724 -717 -710 -703 -696 -689 -682 -675 -668 -661 -654 -647 -640 -633 -626 -619 -612 -605 -598 -591 -584 -577 -570 -563 -556 -549 -542 -535 -528 -521 -514 -507 -500 
-493 -486 -479 -472 -465 -458 -451 -444 -437 -430 -423 -416 -409 -402 -395 -388 -381 -374 -367 -360 -353 -346 -339 -332 -325 -318 -311 -304 -297 -290 -283 -276 -269 -262 -255 -248 -241 -234 -227 -220 -213 -206 -199 -192 -185 -178 -171 -164 -157 -150 -143 -136 -129 -122 -115 -108 -101 -94 -87 -80 -73 -66 -59 -52 -45 -38 -31 -24 -17 -10 -3 -996 -989 -982 -975 -968 -961 -954 -947 -940 -933 -926 -919 -912 -905 -898 -891 -884 -877 -870 -863 -856 -849 -842 -835 -828 -821 -814 -807 -800 
-793 -786 -779 -772 -765 -758 -751 -744 -737 -730 -723 -716 -709 -702 -695 -688 -681 -674 -667 -660 -653 -646 -639 -632 -625 -618 -611 -604 -597 -590 -583 -576 -569 -562 -555 -548 -541 -534 -527 -520 -513 -506 -499 -492 -485 -478 -471 -464 -457 -450 -443 -436 -429 -422 -415 -408 -401 -394 -387 -380 -373 -366 -359 -352 -345 -338 -331 -324 -317 -310 -303 -296 -289 -282 -275 -268 -261 -254 -247 -240 -233 -226 -219 -212 -205 -198 -191 -184 -177 -170 -163 -156 -149 -142 -135 -128 -121 -114 -107 -100 
-93 -86 -79 -72 -65 -58 -51 -44 -37 -30 -23 -16 -9 -2 -995 -988 -981 -974 -967 -960 -953 -946 -939 -932 -925 -918 -911 -904 -897 -890 -883 -876 -869 -862 -855 -848 -841 -834 -827 -820 -813 -806 -799 -792 -785 -778 -771 -764 -757 -750 -743 -736 -729 -722 -715 -708 -701 -694 -687 -680 -673 -666 -659 -652 -645 -638 -631 -624 -617 -610 -603 -596 -589 -582 -575 -568 -561 -554 -547 -540 -533 -526 -519 -512 -505 -498 -491 -484 -477 -470 -463 -456 -449 -442 -435 -428 -421 -414 -407 -400 
-393 -386 -379 -372 -365 -358 -351 -344 -337 -330 -323 -316 -309 -302 -295 -288 -281 -274 -267 -260 -253 -246 -239 -232 -225 -218 -211 -204 -197 -190 -183 -176 -169 -162 -155 -148 -141 -134 -127 -120 -113 -106 -99 -92 -85 -78 -71 -64 -57 -50 -43 -36 -29 -22 -15 -8 -1 -994 -987 -980 -973 -966 -959 -952 -945 -938 -931 -924 -917 -910 -903 -896 -889 -882 -875 -868 -861 -854 -847 -840 -833 -826 -819 -812 -805 -798 -791 -784 -777 -770 -763 -756 -749 -742 -735 -728 -721 -714 -707 -700 
-693 -686 -679 -672 -665 -658 -651 -644 -637 -630 -623 -616 -609 -602 -595 -588 -581 -574 -567 -560 -553 -546 -539 -532 -525 -518 -511 -504 -497 -490 -483 -476 -469 -462 -455 -448 -441 -434 -427 -420 -413 -406 -399 -392 -385 -378 -371 -364 -357 -350 -343 -336 -329 -322 -315 -308 -301 -294 -287 -280 -273 -266 -259 -252 -245 -238 -231 -224 -217 -210 -203 -196 -189 -182 -175 -168 -161 -154 -147 -140 -133 -126 -119 -112 -105 -98 -91 -84 -77 -70 -63 -56 -49 -42 -35 -28 -21 -14 -7 0 
-993 -986 -979 -972 -965 -958 -951 -944 -937 -930 -923 -916 -909 -902 -895 -888 -881 -874 -867 -860 -853 -846 -839 -832 -825 -818 -811 -804 -797 -790 -783 -776 -769 -762 -755 -748 -741 -734 -727 -720 -713 -706 -699 -692 -685 -678 -671 -664 -657 -650 -643 -636 -629 -622 -615 -608 -601 -594 -587 -580 -573 -566 -559 -552 -545 -538 -531 -524 -517 -510 -503 -496 -489 -482 -475 -468 -461 -454 -447 -440 -433 -426 -419 -412 -405 -398 -391 -384 -377 -370 -363 -356 -349 -342 -335 -328 -321 -314 -307 -300 
-293 -286 -279 -272 -265 -258 -251 -244 -237 -230 -223 -216 -209 -202 -195 -188 -181 -174 -167 -160 -153 -146 -139 -132 -125 -118 -111 -104 -97 -90 -83 -76 -69 -62 -55 -48 -41 -34 -27 -20 -13 -6 -999 -992 -985 -978 -971 -964 -957 -950 -943 -936 -929 -922 -915 -908 -901 -894 -887 -880 -873 -866 -859 -852 -845 -838 -831 -824 -817 -810 -803 -796 -789 -782 -775 -768 -761 -754 -747 -740 -733 -726 -719 -712 -705 -698 -691 -684 -677 -670 -663 -656 -649 -642 -635 -628 -621 -614 -607 -600 
-593 -586 -579 -572 -565 -558 -551 -544 -537 -530 -523 -516 -509 -502 -495 -488 -481 -474 -467 -460 -453 -446 -439 -432 -425 -418 -411 -404 -397 -390 -383 -376 -369 -362 -355 -348 -341 -334 -327 -320 -313 -306 -299 -292 -285 -278 -271 -264 -257 -250 -243 -236 -229 -222 -215 -208 -201 -194 -187 -180 -173 -166 -159 -152 -145 -138 -131 -124 -117 -110 -103 -96 -89 -82 -75 -68 -61 -54 -47 -40 -33 -26 -19 -12 -5 -998 -991 -984 -977 -970 -963 -956 -949 -942 -935 -928 -921 -914 -907 -900 
-893 -886 -879 -872 -865 -858 -851 -844 -837 -830 -823 -816 -809 -802 -795 -788 -781 -774 -767 -760 -753 -746 -739 -732 -725 -718 -711 -704 -697 -690 -683 -676 -669 -662 -655 -648 -641 -634 -627 -620 -613 -606 -599 -592 -585 -578 -571 -564 -557 -550 -543 -536 -529 -522 -515 -508 -501 -494 -487 -480 -473 -466 -459 -452 -445 -438 -431 -424 -417 -410 -403 -396 -389 -382 -375 -368 -361 -354 -347 -340 -333 -326 -319 -312 -305 -298 -291 -284 -277 -270 -263 -256 -249 -242 -235 -228 -221 -214 -207 -200 
-193 -186 -179 -172 -165 -158 -151 -144 -137 -130 -123 -116 -109 -102 -95 -88 -81 -74 -67 -60 -53 -46 -39 -32 -25 -18 -11 -4 -997 -990 -983 -976 -969 -962 -955 -948 -941 -934 -927 -920 -913 -906 -899 -892 -885 -878 -871 -864 -857 -850 -843 -836 -829 -822 -815 -808 -801 -794 -787 -780 -773 -766 -759 -752 -745 -738 -731 -724 -717 -710 -703 -696 -689 -682 -675 -668 -661 -654 -647 -640 -633 -626 -619 -612 -605 -598 -591 -584 -577 -570 -563 -556 -549 -542 -535 -528 -521 -514 -507 -500 
-493 -486 -479 -472 -465 -458 -451 -444 -437 -430 -423 -416 -409 -402 -395 -388 -381 -374 -367 -360 -353 -346 -339 -332 -325 -318 -311 -304 -297 -290 -283 -276 -269 -262 -255 -248 -241 -234 -227 -220 -213 -206 -199 -192 -185 -178 -171 -164 -157 -150 -143 -136 -129 -122 -115 -108 -101 -94 -87 -80 -73 -66 -59 -52 -45 -38 -31 -24 -17 -10 -3 -996 -989 -982 -975 -968 -961 -954 -947 -940 -933 -926 -919 -912 -905 -898 -891 -884 -877 -870 -863 -856 -849 -842 -835 -828 -821 -814 -807 -800 
-793 -786 -779 -772 -765 -758 -751 -744 -737 -730 -723 -716 -709 -702 -695 -688 -681 -674 -667 -660 -653 -646 -639 -632 -625 -618 -611 -604 -597 -590 -583 -576 -569 -562 -555 -548 -541 -534 -527 -520 -513 -506 -499 -492 -485 -478 -471 -464 -457 -450 -443 -436 -429 -422 -415 -408 -401 -394 -387 -380 -373 -366 -359 -352 -345 -338 -331 -324 -317 -310 -303 -296 -289 -282 -275 -268 -261 -254 -247 -240 -233 -226 -219 -212 -205 -198 -191 -184 -177 -170 -163 -156 -149 -142 -135 -128 -121 -114 -107 -100 
-93 -86 -79 -72 -65 -58 -51 -44 -37 -30 -23 -16 -9 -2 -995 -988 -981 -974 -967 -960 -953 -946 -939 -932 -925 -918 -911 -904 -897 -890 -883 -876 -869 -862 -855 -848 -841 -834 -827 -820 -813 -806 -799 -792 -785 -778 -771 -764 -757 -750 -743 -736 -729 -722 -715 -708 -701 -694 -687 -680 -673 -666 -659 -652 -645 -638 -631 -624 -617 -610 -603 -596 -589 -582 -575 -568 -561 -554 -547 -540 -533 -526 -519 -512 -505 -498 -491 -484 -477 -470 -463 -456 -449 -442 -435 -428 -421 -414 -407 -400 
-393 -386 -379 -372 -365 -358 -351 -344 -337 -330 -323 -316 -309 -302 -295 -288 -281 -274 -267 -260 -253 -246 -239 -232 -225 -218 -211 -204 -197 -190 -183 -176 -169 -162 -155 -148 -141 -134 -127 -120 -113 -106 -99 -92 -85 -78 -71 -64 -57 -50 -43 -36 -29 -22 -15 -8 -1 -994 -987 -980 -973 -966 -959 -952 -945 -938 -931 -924 -917 -910 -903 -896 -889 -882 -875 -868 -861 -854 -847 -840 -833 -826 -819 -812 -805 -798 -791 -784 -777 -770 -763 -756 -749 -742 -735 -728 -721 -714 -707 -700 
-693 -686 -679 -672 -665 -658 -651 -644 -637 -630 -623 -616 -609 -602 -595 -588 -581 -574 -567 -560 -553 -546 -539 -532 -525 -518 -511 -504 -497 -490 -483 -476 -469 -462 -455 -448 -441 -434 -427 -420 -413 -406 -399 -392 -385 -378 -371 -364 -357 -350 -343 -336 -329 -322 -315 -308 -301 -294 -287 -280 -273 -266 -259 -252 -245 -238 -231 -224 -217 -210 -203 -196 -189 -182 -175 -168 -161 -154 -147 -140 -133 -126 -119 -112 -105 -98 -91 -84 -77 -70 -63 -56 -49 -42 -35 -28 -21 -14 -7 0 
-993 -986 -979 -972 -965 -958 -951 -944 -937 -930 -923 -916 -909 -902 -895 -888 -881 -874 -867 -860 -853 -846 -839 -832 -825 -818 -811 -804 -797 -790 -783 -776 -769 -762 -755 -748 -741 -734 -727 -720 -713 -706 -699 -692 -685 -678 -671 -664 -657 -650 -643 -636 -629 -622 -615 -608 -601 -594 -587 -580 -573 -566 -559 -552 -545 -538 -531 -524 -517 -510 -503 -496 -489 -482 -475 -468 -461 -454 -447 -440 -433 -426 -419 -412 -405 -398 -391 -384 -377 -370 -363 -356 -349 -342 -335 -328 -321 -314 -307 -300 
-293 -286 -279 -272 -265 -258 -251 -244 -237 -230 -223 -216 -209 -202 -195 -188 -181 -174 -167 -160 -153 -146 -139 -132 -125 -118 -111 -104 -97 -90 -83 -76 -69 -62 -55 -48 -41 -34 -27 -20 -13 -6 -999 -992 -985 -978 -971 -964 -957 -950 -943 -936 -929 -922 -915 -908 -901 -894 -887 -880 -873 -866 -859 -852 -845 -838 -831 -824 -817 -810 -803 -796 -789 -782 -775 -768 -761 -754 -747 -740 -733 -726 -719 -712 -705 -698 -691 -684 -677 -670 -663 -656 -649 -642 -635 -628 -621 -614 -607 -600 
-593 -586 -579 -572 -565 -558 -551 -544 -537 -530 -523 -516 -509 -502 -495 -488 -481 -474 -467 -460 -453 -446 -439 -432 -425 -418 -411 -404 -397 -390 -383 -376 -369 -362 -355 -348 -341 -334 -327 -320 -313 -306 -299 -292 -285 -278 -271 -264 -257 -250 -243 -236 -229 -222 -215 -208 -201 -194 -187 -180 -173 -166 -159 -152 -145 -138 -131 -124 -117 -110 -103 -96 -89 -82 -75 -68 -61 -54 -47 -40 -33 -26 -19 -12 -5 -998 -991 -984 -977 -970 -963 -956 -949 -942 -935 -928 -921 -914 -907 -900 
-893 -886 -879 -872 -865 -858 -851 -844 -837 -830 -823 -816 -809 -802 -795 -788 -781 -774 -767 -760 -753 -746 -739 -732 -725 -718 -711 -704 -697 -690 -683 -676 -669 -662 -655 -648 -641 -634 -627 -620 -613 -606 -599 -592 -585 -578 -571 -564 -557 -550 -543 -536 -529 -522 -515 -508 -501 -494 -487 -480 -473 -466 -459 -452 -445 -438 -431 -424 -417 -410 -403 -396 -389 -382 -375 -368 -361 -354 -347 -340 -333 -326 -319 -312 -305 -298 -291 -284 -277 -270 -263 -256 -249 -242 -235 -228 -221 -214 -207 -200 
-193 -186 -179 -172 -165 -158 -151 -144 -137 -130 -123 -116 -109 -102 -95 -88 -81 -74 -67 -60 -53 -46 -39 -32 -25 -18 -11 -4 -997 -990 -983 -976 -969 -962 -955 -948 -941 -934 -927 -920 -913 -906 -899 -892 -885 -878 -871 -864 -857 -850 -843 -836 -829 -822 -815 -808 -801 -794 -787 -780 -773 -766 -759 -752 -745 -738 -731 -724 -717 -710 -703 -696 -689 -682 -675 -668 -661 -654 -647 -640 -633 -626 -619 -612 -605 -598 -591 -584 -577 -570 -563 -556 -549 -542 -535 -528 -521 -514 -507 -500 
-493 -486 -479 -472 -465 -458 -451 -444 -437 -430 -423 -416 -409 -402 -395 -388 -381 -374 -367 -360 -353 -346 -339 -332 -325 -318 -311 -304 -297 -290 -283 -276 -269 -262 -255 -248 -241 -234 -227 -220 -213 -206 -199 -192 -185 -178 -171 -164 -157 -150 -143 -136 -129 -122 -115 -108 -101 -94 -87 -80 -73 -66 -59 -52 -45 -38 -31 -24 -17 -10 -3 -996 -989 -982 -975 -968 -961 -954 -947 -940 -933 -926 -919 -912 -905 -898 -891 -884 -877 -870 -863 -856 -849 -842 -835 -828 -821 -814 -807 -800 
-793 -786 -779 -772 -765 -758 -751 -744 -737 -730 -723 -716 -709 -702 -695 -688 -681 -674 -667 -660 -653 -646 -639 -632 -625 -618 -611 -604 -597 -590 -583 -576 -569 -562 -555 -548 -541 -534 -527 -520 -513 -506 -499 -492 -485 -478 -471 -464 -457 -450 -443 -436 -429 -422 -415 -408 -401 -394 -387 -380 -373 -366 -359 -352 -345 -338 -331 -324 -317 -310 -303 -296 -289 -282 -275 -268 -261 -254 -247 -240 -233 -226 -219 -212 -205 -198 -191 -184 -177 -170 -163 -156 -149 -142 -135 -128 -121 -114 -107 -100 
-93 -86 -79 -72 -65 -58 -51 -44 -37 -30 -23 -16 -9 -2 -995 -988 -981 -974 -967 -960 -953 -946 -939 -932 -925 -918 -911 -904 -897 -890 -883 -876 -869 -862 -855 -848 -841 -834 -827 -820 -813 -806 -799 -792 -785 -778 -771 -764 -757 -750 -743 -736 -729 -722 -715 -708 -701 -694 -687 -680 -673 -666 -659 -652 -645 -638 -631 -624 -617 -610 -603 -596 -589 -582 -575 -568 -561 -554 -547 -540 -533 -526 -519 -512 -505 -498 -491 -484 -477 -470 -463 -456 -449 -442 -435 -428 -421 -414 -407 -400 
-393 -386 -379 -372 -365 -358 -351 -344 -337 -330 -323 -316 -309 -302 -295 -288 -281 -274 -267 -260 -253 -246 -239 -232 -225 -218 -211 -204 -197 -190 -183 -176 -169 -162 -155 -148 -141 -134 -127 -120 -113 -106 -99 -92 -85 -78 -71 -64 -57 -50 -43 -36 -29 -22 -15 -8 -1 -994 -987 -980 -973 -966 -959 -952 -945 -938 -931 -924 -917 -910 -903 -896 -889 -882 -875 -868 -861 -854 -847 -840 -833 -826 -819 -812 -805 -798 -791 -784 -777 -770 -763 -756 -749 -742 -735 -728 -721 -714 -707 -700 
-693 -686 -679 -672 -665 -658 -651 -644 -637 -630 -623 -616 -609 -602 -595 -588 -581 -574 -567 -560 -553 -546 -539 -532 -525 -518 -511 -504 -497 -490 -483 -476 -469 -462 -455 -448 -441 -434 -427 -420 -413 -406 -399 -392 -385 -378 -371 -364 -357 -350 -343 -336 -329 -322 -315 -308 -301 -294 -287 -280 -273 -266 -259 -252 -245 -238 -231 -224 -217 -210 -203 -196 -189 -182 -175 -168 -161 -154 -147 -140 -133 -126 -119 -112 -105 -98 -91 -84 -77 -70 -63 -56 -49 -42 -35 -28 -21 -14 -7 0 
-993 -986 -979 -972 -965 -958 -951 -944 -937 -930 -923 -916 -909 -902 -895 -888 -881 -874 -867 -860 -853 -846 -839 -832 -825 -818 -811 -804 -797 -790 -783 -776 -769 -762 -755 -748 -741 -734 -727 -720 -713 -706 -699 -692 -685 -678 -671 -664 -657 -650 -643 -636 -629 -622 -615 -608 -601 -594 -587 -580 -573 -566 -559 -552 -545 -538 -531 -524 -517 -510 -503 -496 -489 -482 -475 -468 -461 -454 -447 -440 -433 -426 -419 -412 -405 -398 -391 -384 -377 -370 -363 -356 -349 -342 -335 -328 -321 -314 -307 -300 
-293 -286 -279 -272 -265 -258 -251 -244 -237 -230 -223 -216 -209 -202 -195 -188 -181 -174 -167 -160 -153 -146 -139 -132 -125 -118 -111 -104 -97 -90 -83 -76 -69 -62 -55 -48 -41 -34 -27 -20 -13 -6 -999 -992 -985 -978 -971 -964 -957 -950 -943 -936 -929 -922 -915 -908 -901 -894 -887 -880 -873 -866 -859 -852 -845 -838 -831 -824 -817 -810 -803 -796 -789 -782 -775 -768 -761 -754 -747 -740 -733 -726 -719 -712 -705 -698 -691 -684 -677 -670 -663 -656 -649 -642 -635 -628 -621 -614 -607 -600 
-593 -586 -579 -572 -565 -558 -551 -544 -537 -530 -523 -516 -509 -502 -495 -488 -481 -474 -467 -460 -453 -446 -439 -432 -425 -418 -411 -404 -397 -390 -383 -376 -369 -362 -355 -348 -341 -334 -327 -320 -313 -306 -299 -292 -285 -278 -271 -264 -257 -250 -243 -236 -229 -222 -215 -208 -201 -194 -187 -180 -173 -166 -159 -152 -145 -138 -131 -124 -117 -110 -103 -96 -89 -82 -75 -68 -61 -54 -47 -40 -33 -26 -19 -12 -5 -998 -991 -984 -977 -970 -963 -956 -949 -942 -935 -928 -921 -914 -907 -900 
-893 -886 -879 -872 -865 -858 -851 -844 -837 -830 -823 -816 -809 -802 -795 -788 -781 -774 -767 -760 -753 -746 -739 -732 -725 -718 -711 -704 -697 -690 -683 -676 -669 -662 -655 -648 -641 -634 -627 -620 -613 -606 -599 -592 -585 -578 -571 -564 -557 -550 -543 -536 -529 -522 -515 -508 -501 -494 -487 -480 -473 -466 -459 -452 -445 -438 -431 -424 -417 -410 -403 -396 -389 -382 -375 -368 -361 -354 -347 -340 -333 -326 -319 -312 -305 -298 -291 -284 -277 -270 -263 -256 -249 -242 -235 -228 -221 -214 -207 -200 
-193 -186 -179 -172 -165 -158 -151 -144 -137 -130 -123 -116 -109 -102 -95 -88 -81 -74 -67 -60 -53 -46 -39 -32 -25 -18 -11 -4 -997 -990 -983 -976 -969 -962 -955 -948 -941 -934 -927 -920 -913 -906 -899 -892 -885 -878 -871 -864 -857 -850 -843 -836 -829 -822 -815 -808 -801 -794 -787 -780 -773 -766 -759 -752 -745 -738 -731 -724 -717 -710 -703 -696 -689 -682 -675 -668 -661 -654 -647 -640 -633 -626 -619 -612 -605 -598 -591 -584 -577 -570 -563 -556 -549 -542 -535 -528 -521 -514 -507 -500 
-493 -486 -479 -472 -465 -458 -451 -444 -437 -430 -423 -416 -409 -402 -395 -388 -381 -374 -367 -360 -353 -346 -339 -332 -325 -318 -311 -304 -297 -290 -283 -276 -269 -262 -255 -248 -241 -234 -227 -220 -213 -206 -199 -192 -185 -178 -171 -164 -157 -150 -143 -136 -129 -122 -115 -108 -101 -94 -87 -80 -73 -66 -59 -52 -45 -38 -31 -24 -17 -10 -3 -996 -989 -982 -975 -968 -961 -954 -947 -940 -933 -926 -919 -912 -905 -898 -891 -884 -877 -870 -863 -856 -849 -842 -835 -828 -821 -814 -807 -800 
-793 -786 -779 -772 -765 -758 -751 -744 -737 -730 -723 -716 -709 -702 -695 -688 -681 -674 -667 -660 -653 -646 -639 -632 -625 -618 -611 -604 -597 -590 -583 -576 -569 -562 -555 -548 -541 -534 -527 -520 -513 -506 -499 -492 -485 -478 -471 -464 -457 -450 -443 -436 -429 -422 -415 -408 -401 -394 -387 -380 -373 -366 -359 -352 -345 -338 -331 -324 -317 -310 -303 -296 -289 -282 -275 -268 -261 -254 -247 -240 -233 -226 -219 -212 -205 -198 -191 -184 -177 -170 -163 -156 -149 -142 -135 -128 -121 -114 -107 -100 
-93 -86 -79 -72 -65 -58 -51 -44 -37 -30 -23 -16 -9 -2 -995 -988 -981 -974 -967 -960 -953 -946 -939 -932 -925 -918 -911 -904 -897 -890 -883 -876 -869 -862 -855 -848 -841 -834 -827 -820 -813 -806 -799 -792 -785 -778 -771 -764 -757 -750 -743 -736 -729 -722 -715 -708 -701 -694 -687 -680 -673 -666 -659 -652 -645 -638 -631 -624 -617 -610 -603 -596 -589 -582 -575 -568 -561 -554 -547 -540 -533 -526 -519 -512 -505 -498 -491 -484 -477 -470 -463 -456 -449 -442 -435 -428 -421 -414 -407 -400 
-393 -386 -379 -372 -365 -358 -351 -344 -337 -330 -323 -316 -309 -302 -295 -288 -281 -274 -267 -260 -253 -246 -239 -232 -225 -218 -211 -204 -197 -190 -183 -176 -169 -162 -155 -148 -141 -134 -127 -120 -113 -106 -99 -92 -85 -78 -71 -64 -57 -50 -43 -36 -29 -22 -15 -8 -1 -994 -987 -980 -973 -966 -959 -952 -945 -938 -931 -924 -917 -910 -903 -896 -889 -882 -875 -868 -861 -854 -847 -840 -833 -826 -819 -812 -805 -798 -791 -784 -777 -770 -763 -756 -749 -742 -735 -728 -721 -714 -707 -700 
-693 -686 -679 -672 -665 -658 -651 -644 -637 -630 -623 -616 -609 -602 -595 -588 -581 -574 -567 -560 -553 -546 -539 -532 -525 -518 -511 -504 -497 -490 -483 -476 -469 -462 -455 -448 -441 -434 -427 -420 -413 -406 -399 -392 -385 -378 -371 -364 -357 -350 -343 -336 -329 -322 -315 -308 -301 -294 -287 -280 -273 -266 -259 -252 -245 -238 -231 -224 -217 -210 -203 -196 -189 -182 -175 -168 -161 -154 -147 -140 -133 -126 -119 -112 -105 -98 -91 -84 -77 -70 -63 -56 -49 -42 -35 -28 -21 -14 -7 0 
-993 -986 -979 -972 -965 -958 -951 -944 -937 -930 -923 -916 -909 -902 -895 -888 -881 -874 -867 -860 -853 -846 -839 -832 -825 -818 -811 -804 -797 -790 -783 -776 -769 -762 -755 -748 -741 -734 -727 -720 -713 -706 -699 -692 -685 -678 -671 -664 -657 -650 -643 -636 -629 -622 -615 -608 -601 -594 -587 -580 -573 -566 -559 -552 -545 -538 -531 -524 -517 -510 -503 -496 -489 -482 -475 -468 -461 -454 -447 -440 -433 -426 -419 -412 -405 -398 -391 -384 -377 -370 -363 -356 -349 -342 -335 -328 -321 -314 -307 -300 
-293 -286 -279 -272 -265 -258 -251 -244 -237 -230 -223 -216 -209 -202 -195 -188 -181 -174 -167 -160 -153 -146 -139 -132 -125 -118 -111 -104 -97 -90 -83 -76 -69 -62 -55 -48 -41 -34 -27 -20 -13 -6 -999 -992 -985 -978 -971 -964 -957 -950 -943 -936 -929 -922 -915 -908 -901 -894 -887 -880 -873 -866 -859 -852 -845 -838 -831 -824 -817 -810 -803 -796 -789 -782 -775 -768 -761 -754 -747 -740 -733 -726 -719 -712 -705 -698 -691 -684 -677 -670 -663 -656 -649 -642 -635 -628 -621 -614 -607 -600 
-593 -586 -579 -572 -565 -558 -551 -544 -537 -530 -523 -516 -509 -502 -495 -488 -481 -474 -467 -460 -453 -446 -439 -432 -425 -418 -411 -404 -397 -390 -383 -376 -369 -362 -355 -348 -341 -334 -327 -320 -313 -306 -299 -292 -285 -278 -271 -264 -257 -250 -243 -236 -229 -222 -215 -208 -201 -194 -187 -180 -173 -166 -159 -152 -145 -138 -131 -124 -117 -110 -103 -96 -89 -82 -75 -68 -61 -54 -47 -40 -33 -26 -19 -12 -5 -998 -991 -984 -977 -970 -963 -956 -949 -942 -935 -928 -921 -914 -907 -900 
-893 -886 -879 -872 -865 -858 -851 -844 -837 -830 -823 -816 -809 -802 -795 -788 -781 -774 -767 -760 -753 -746 -739 -732 -725 -718 -711 -704 -697 -690 -683 -676 -669 -662 -655 -648 -641 -634 -627 -620 -613 -606 -599 -592 -585 -578 -571 -564 -557 -550 -543 -536 -529 -522 -515 -508 -501 -494 -487 -480 -473 -466 -459 -452 -445 -438 -431 -424 -417 -410 -403 -396 -389 -382 -375 -368 -361 -354 -347 -340 -333 -326 -319 -312 -305 -298 -291 -284 -277 -270 -263 -256 -249 -242 -235 -228 -221 -214 -207 -200 
-193 -186 -179 -172 -165 -158 -151 -144 -137 -130 -123 -116 -109 -102 -95 -88 -81 -74 -67 -60 -53 -46 -39 -32 -25 -18 -11 -4 -997 -990 -983 -976 -969 -962 -955 -948 -941 -934 -927 -920 -913 -906 -899 -892 -885 -878 -871 -864 -857 -850 -843 -836 -829 -822 -815 -808 -801 -794 -787 -780 -773 -766 -759 -752 -745 -738 -731 -724 -717 -710 -703 -696 -689 -682 -675 -668 -661 -654 -647 -640 -633 -626 -619 -612 -605 -598 -591 -584 -577 -570 -563 -556 -549 -542 -535 -528 -521 -514 -507 -500 
-493 -486 -479 -472 -465 -458 -451 -444 -437 -430 -423 -416 -409 -402 -395 -388 -381 -374 -367 -360 -353 -346 -339 -332 -325 -318 -311 -304 -297 -290 -283 -276 -269 -262 -255 -248 -241 -234 -227 -220 -213 -206 -199 -192 -185 -178 -171 -164 -157 -150 -143 -136 -129 -122 -115 -108 -101 -94 -87 -80 -73 -66 -59 -52 -45 -38 -31 -24 -17 -10 -3 -996 -989 -982 -975 -968 -961 -954 -947 -940 -933 -926 -919 -912 -905 -898 -891 -884 -877 -870 -863 -856 -849 -842 -835 -828 -821 -814 -807 -800 
-793 -786 -779 -772 -765 -758 -751 -744 -737 -730 -723 -716 -709 -702 -695 -688 -681 -674 -667 -660 -653 -646 -639 -632 -625 -618 -611 -604 -597 -590 -583 -576 -569 -562 -555 -548 -541 -534 -527 -520 -513 -506 -499 -492 -485 -478 -471 -464 -457 -450 -443 -436 -429 -422 -415 -408 -401 -394 -387 -380 -373 -366 -359 -352 -345 -338 -331 -324 -317 -310 -303 -296 -289 -282 -275 -268 -261 -254 -247 -240 -233 -226 -219 -212 -205 -198 -191 -184 -177 -170 -163 -156 -149 -142 -135 -128 -121 -114 -107 -100 
-93 -86 -79 -72 -65 -58 -51 -44 -37 -30 -23 -16 -9 -2 -995 -988 -981 -974 -967 -960 -953 -946 -939 -932 -925 -918 -911 -904 -897 -890 -883 -876 -869 -862 -855 -848 -841 -834 -827 -820 -813 -806 -799 -792 -785 -778 -771 -764 -757 -750 -743 -736 -729 -722 -715 -708 -701 -694 -687 -680 -673 -666 -659 -652 -645 -638 -631 -624 -617 -610 -603 -596 -589 -582 -575 -568 -561 -554 -547 -540 -533 -526 -519 -512 -505 -498 -491 -484 -477 -470 -463 -456 -449 -442 -435 -428 -421 -414 -407 -400 
-393 -386 -379 -372 -365 -358 -351 -344 -337 -330 -323 -316 -309 -302 -295 -288 -281 -274 -267 -260 -253 -246 -239 -232 -225 -218 -211 -204 -197 -190 -183 -176 -169 -162 -155 -148 -141 -134 -127 -120 -113 -106 -99 -92 -85 -78 -71 -64 -57 -50 -43 -36 -29 -22 -15 -8 -1 -994 -987 -980 -973 -966 -959 -952 -945 -938 -931 -924 -917 -910 -903 -896 -889 -882 -875 -868 -861 -854 -847 -840 -833 -826 -819 -812 -805 -798 -791 -784 -777 -770 -763 -756 -749 -742 -735 -728 -721 -714 -707 -700 
-693 -686 -679 -672 -665 -658 -651 -644 -637 -630 -623 -616 -609 -602 -595 -588 -581 -574 -567 -560 -553 -546 -539 -532 -525 -518 -511 -504 -497 -490 -483 -476 -469 -462 -455 -448 -441 -434 -427 -420 -413 -406 -399 -392 -385 -378 -371 -364 -357 -350 -343 -336 -329 -322 -315 -308 -301 -294 -287 -280 -273 -266 -259 -252 -245 -238 -231 -224 -217 -210 -203 -196 -189 -182 -175 -168 -161 -154 -147 -140 -133 -126 -119 -112 -105 -98 -91 -84 -77 -70 -63 -56 -49 -42 -35 -28 -21 -14 -7 0 
-993 -986 -979 -972 -965 -958 -951 -944 -937 -930 -923 -916 -909 -902 -895 -888 -881 -874 -867 -860 -853 -846 -839 -832 -825 -818 -811 -804 -797 -790 -783 -776 -769 -762 -755 -748 -741 -734 -727 -720 -713 -706 -699 -692 -685 -678 -671 -664 -657 -650 -643 -636 -629 -622 -615 -608 -601 -594 -587 -580 -573 -566 -559 -552 -545 -538 -531 -524 -517 -510 -503 -496 -489 -482 -475 -468 -461 -454 -447 -440 -433 -426 -419 -412 -405 -398 -391 -384 -377 -370 -363 -356 -349 -342 -335 -328 -321 -314 -307 -300 
-293 -286 -279 -272 -265 -258 -251 -244 -237 -230 -223 -216 -209 -202 -195 -188 -181 -174 -167 -160 -153 -146 -139 -132 -125 -118 -111 -104 -97 -90 -83 -76 -69 -62 -55 -48 -41 -34 -27 -20 -13 -6 -999 -992 -985 -978 -971 -964 -957 -950 -943 -936 -929 -922 -915 -908 -901 -894 -887 -880 -873 -866 -859 -852 -845 -838 -831 -824 -817 -810 -803 -796 -789 -782 -775 -768 -761 -754 -747 -740 -733 -726 -719 -712 -705 -698 -691 -684 -677 -670 -663 -656 -649 -642 -635 -628 -621 -614 -607 -600 
-593 -586 -579 -572 -565 -558 -551 -544 -537 -530 -523 -516 -509 -502 -495 -488 -481 -474 -467 -460 -453 -446 -439 -432 -425 -418 -411 -404 -397 -390 -383 -376 -369 -362 -355 -348 -341 -334 -327 -320 -313 -306 -299 -292 -285 -278 -271 -264 -257 -250 -243 -236 -229 -222 -215 -208 -201 -194 -187 -180 -173 -166 -159 -152 -145 -138 -131 -124 -117 -110 -103 -96 -89 -82 -75 -68 -61 -54 -47 -40 -33 -26 -19 -12 -5 -998 -991 -984 -977 -970 -963 -956 -949 -942 -935 -928 -921 -914 -907 -900 
-893 -886 -879 -872 -865 -858 -851 -844 -837 -830 -823 -816 -809 -802 -795 -788 -781 -774 -767 -760 -753 -746 -739 -732 -725 -718 -711 -704 -697 -690 -683 -676 -669 -662 -655 -648 -641 -634 -627 -620 -613 -606 -599 -592 -585 -578 -571 -564 -557 -550 -543 -536 -529 -522 -515 -508 -501 -494 -487 -480 -473 -466 -459 -452 -445 -438 -431 -424 -417 -410 -403 -396 -389 -382 -375 -368 -361 -354 -347 -340 -333 -326 -319 -312 -305 -298 -291 -284 -277 -270 -263 -256 -249 -242 -235 -228 -221 -214 -207 -200 
-193 -186 -179 -172 -165 -158 -151 -144 -137 -130 -123 -116 -109 -102 -95 -88 -81 -74 -67 -60 -53 -46 -39 -32 -25 -18 -11 -4 -997 -990 -983 -976 -969 -962 -955 -948 -941 -934 -927 -920 -913 -906 -899 -892 -885 -878 -871 -864 -857 -850 -843 -836 -829 -822 -815 -808 -801 -794 -787 -780 -773 -766 -759 -752 -745 -738 -731 -724 -717 -710 -703 -696 -689 -682 -675 -668 -661 -654 -647 -640 -633 -626 -619 -612 -605 -598 -591 -584 -577 -570 -563 -556 -549 -542 -535 -528 -521 -514 -507 -500 
-493 -486 -479 -472 -465 -458 -451 -444 -437 -430 -423 -416 -409 -402 -395 -388 -381 -374 -367 -360 -353 -346 -339 -332 -325 -318 -311 -304 -297 -290 -283 -276 -269 -262 -255 -248 -241 -234 -227 -220 -213 -206 -199 -192 -185 -178 -171 -164 -157 -150 -143 -136 -129 -122 -115 -108 -101 -94 -87 -80 -73 -66 -59 -52 -45 -38 -31 -24 -17 -10 -3 -996 -989 -982 -975 -968 -961 -954 -947 -940 -933 -926 -919 -912 -905 -898 -891 -884 -877 -870 -863 -856 -849 -842 -835 -828 -821 -814 -807 -800 
-793 -786 -779 -772 -765 -758 -751 -744 -737 -730 -723 -716 -709 -702 -695 -688 -681 -674 -667 -660 -653 -646 -639 -632 -625 -618 -611 -604 -597 -590 -583 -576 -569 -562 -555 -548 -541 -534 -527 -520 -513 -506 -499 -492 -485 -478 -471 -464 -457 -450 -443 -436 -429 -422 -415 -408 -401 -394 -387 -380 -373 -366 -359 -352 -345 -338 -331 -324 -317 -310 -303 -296 -289 -282 -275 -268 -261 -254 -247 -240 -233 -226 -219 -212 -205 -198 -191 -184 -177 -170 -163 -156 -149 -142 -135 -128 -121 -114 -107 -100 
-93 -86 -79 -72 -65 -58 -51 -44 -37 -30 -23 -16 -9 -2 -995 -988 -981 -974 -967 -960 -953 -946 -939 -932 -925 -918 -911 -904 -897 -890 -883 -876 -869 -862 -855 -848 -841 -834 -827 -820 -813 -806 -799 -792 -785 -778 -771 -764 -757 -750 -743 -736 -729 -722 -715 -708 -701 -694 -687 -680 -673 -666 -659 -652 -645 -638 -631 -624 -617 -610 -603 -596 -589 -582 -575 -568 -561 -554 -547 -540 -533 -526 -519 -512 -505 -498 -491 -484 -477 -470 -463 -456 -449 -442 -435 -428 -421 -414 -407 -400 
-393 -386 -379 -372 -365 -358 -351 -344 -337 -330 -323 -316 -309 -302 -295 -288 -281 -274 -267 -260 -253 -246 -239 -232 -225 -218 -211 -204 -197 -190 -183 -176 -169 -162 -155 -148 -141 -134 -127 -120 -113 -106 -99 -92 -85 -78 -71 -64 -57 -50 -43 -36 -29 -22 -15 -8 -1 -994 -987 -980 -973 -966 -959 -952 -945 -938 -931 -924 -917 -910 -903 -896 -889 -882 -875 -868 -861 -854 -847 -840 -833 -826 -819 -812 -805 -798 -791 -784 -777 -770 -763 -756 -749 -742 -735 -728 -721 -714 -707 -700 
-693 -686 -679 -672 -665 -658 -651 -644 -637 -630 -623 -616 -609 -602 -595 -588 -581 -574 -567 -560 -553 -546 -539 -532 -525 -518 -511 -504 -497 -490 -483 -476 -469 -462 -455 -448 -441 -434 -427 -420 -413 -406 -399 -392 -385 -378 -371 -364 -357 -350 -343 -336 -329 -322 -315 -308 -301 -294 -287 -280 -273 -266 -259 -252 -245 -238 -231 -224 -217 -210 -203 -196 -189 -182 -175 -168 -161 -154 -147 -140 -133 -126 -119 -112 -105 -98 -91 -84 -77 -70 -63 -56 -49 -42 -35 -28 -21 -14 -7 0 
-993 -986 -979 -972 -965 -958 -951 -944 -937 -930 -923 -916 -909 -902 -895 -888 -881 -874 -867 -860 -853 -846 -839 -832 -825 -818 -811 -804 -797 -790 -783 -776 -769 -762 -755 -748 -741 -734 -727 -720 -713 -706 -699 -692 -685 -678 -671 -664 -657 -650 -643 -636 -629 -622 -615 -608 -601 -594 -587 -580 -573 -566 -559 -552 -545 -538 -531 -524 -517 -510 -503 -496 -489 -482 -475 -468 -461 -454 -447 -440 -433 -426 -419 -412 -405 -398 -391 -384 -377 -370 -363 -356 -349 -342 -335 -328 -321 -314 -307 -300 
-293 -286 -279 -272 -265 -258 -251 -244 -237 -230 -223 -216 -209 -202 -195 -188 -181 -174 -167 -160 -153 -146 -139 -132 -125 -118 -111 -104 -97 -90 -83 -76 -69 -62 -55 -48 -41 -34 -27 -20 -13 -6 -999 -992 -985 -978 -971 -964 -957 -950 -943 -936 -929 -922 -915 -908 -901 -894 -887 -880 -873 -866 -859 -852 -845 -838 -831 -824 -817 -810 -803 -796 -789 -782 -775 -768 -761 -754 -747 -740 -733 -726 -719 -712 -705 -698 -691 -684 -677 -670 -663 -656 -649 -642 -635 -628 -621 -614 -607 -600 
-593 -586 -579 -572 -565 -558 -551 -544 -537 -530 -523 -516 -509 -502 -495 -488 -481 -474 -467 -460 -453 -446 -439 -432 -425 -418 -411 -404 -397 -390 -383 -376 -369 -362 -355 -348 -341 -334 -327 -320 -313 -306 -299 -292 -285 -278 -271 -264 -257 -250 -243 -236 -229 -222 -215 -208 -201 -194 -187 -180 -173 -166 -159 -152 -145 -138 -131 -124 -117 -110 -103 -96 -89 -82 -75 -68 -61 -54 -47 -40 -33 -26 -19 -12 -5 -998 -991 -984 -977 -970 -963 -956 -949 -942 -935 -928 -921 -914 -907 -900 
-893 -886 -879 -872 -865 -858 -851 -844 -837 -830 -823 -816 -809 -802 -795 -788 -781 -774 -767 -760 -753 -746 -739 -732 -725 -718 -711 -704 -697 -690 -683 -676 -669 -662 -655 -648 -641 -634 -627 -620 -613 -606 -599 -592 -585 -578 -571 -564 -557 -550 -543 -536 -529 -522 -515 -508 -501 -494 -487 -480 -473 -466 -459 -452 -445 -438 -431 -424 -417 -410 -403 -396 -389 -382 -375 -368 -361 -354 -347 -340 -333 -326 -319 -312 -305 -298 -291 -284 -277 -270 -263 -256 -249 -242 -235 -228 -221 -214 -207 -200 
-193 -186 -179 -172 -165 -158 -151 -144 -137 -130 -123 -116 -109 -102 -95 -88 -81 -74 -67 -60 -53 -46 -39 -32 -25 -18 -11 -4 -997 -990 -983 -976 -969 -962 -955 -948 -941 -934 -927 -920 -913 -906 -899 -892 -885 -878 -871 -864 -857 -850 -843 -836 -829 -822 -815 -808 -801 -794 -787 -780 -773 -766 -759 -752 -745 -738 -731 -724 -717 -710 -703 -696 -689 -682 -675 -668 -661 -654 -647 -640 -633 -626 -619 -612 -605 -598 -591 -584 -577 -570 -563 -556 -549 -542 -535 -528 -521 -514 -507 -500 
-493 -486 -479 -472 -465 -458 -451 -444 -437 -430 -423 -416 -409 -402 -395 -388 -381 -374 -367 -360 -353 -346 -339 -332 -325 -318 -311 -304 -297 -290 -283 -276 -269 -262 -255 -248 -241 -234 -227 -220 -213 -206 -199 -192 -185 -178 -171 -164 -157 -150 -143 -136 -129 -122 -115 -108 -101 -94 -87 -80 -73 -66 -59 -52 -45 -38 -31 -24 -17 -10 -3 -996 -989 -982 -975 -968 -961 -954 -947 -940 -933 -926 -919 -912 -905 -898 -891 -884 -877 -870 -863 -856 -849 -842 -835 -828 -821 -814 -807 -800 
-793 -786 -779 -772 -765 -758 -751 -744 -737 -730 -723 -716 -709 -702 -695 -688 -681 -674 -667 -660 -653 -646 -639 -632 -625 -618 -611 -604 -597 -590 -583 -576 -569 -562 -555 -548 -541 -534 -527 -520 -513 -506 -499 -492 -485 -478 -471 -464 -457 -450 -443 -436 -429 -422 -415 -408 -401 -394 -387 -380 -373 -366 -359 -352 -345 -338 -331 -324 -317 -310 -303 -296 -289 -282 -275 -268 -261 -254 -247 -240 -233 -226 -219 -212 -205 -198 -191 -184 -177 -170 -163 -156 -149 -142 -135 -128 -121 -114 -107 -100 
-93 -86 -79 -72 -65 -58 -51 -44 -37 -30 -23 -16 -9 -2 -995 -988 -981 -974 -967 -960 -953 -946 -939 -932 -925 -918 -911 -904 -897 -890 -883 -876 -869 -862 -855 -848 -841 -834 -827 -820 -813 -806 -799 -792 -785 -778 -771 -764 -757 -750 -743 -736 -729 -722 -715 -708 -701 -694 -687 -680 -673 -666 -659 -652 -645 -638 -631 -624 -617 -610 -603 -596 -589 -582 -575 -568 -561 -554 -547 -540 -533 -526 -519 -512 -505 -498 -491 -484 -477 -470 -463 -456 -449 -442 -435 -428 -421 -414 -407 -400 
-393 -386 -379 -372 -365 -358 -351 -344 -337 -330 -323 -316 -309 -302 -295 -288 -281 -274 -267 -260 -253 -246 -239 -232 -225 -218 -211 -204 -197 -190 -183 -176 -169 -162 -155 -148 -141 -134 -127 -120 -113 -106 -99 -92 -85 -78 -71 -64 -57 -50 -43 -36 -29 -22 -15 -8 -1 -994 -987 -980 -973 -966 -959 -952 -945 -938 -931 -924 -917 -910 -903 -896 -889 -882 -875 -868 -861 -854 -847 -840 -833 -826 -819 -812 -805 -798 -791 -784 -777 -770 -763 -756 -749 -742 -735 -728 -721 -714 -707 -700 
-693 -686 -679 -672 -665 -658 -651 -644 -637 -630 -623 -616 -609 -602 -595 -588 -581 -574 -567 -560 -553 -546 -539 -532 -525 -518 -511 -504 -497 -490 -483 -476 -469 -462 -455 -448 -441 -434 -427 -420 -413 -406 -399 -392 -385 -378 -371 -364 -357 -350 -343 -336 -329 -322 -315 -308 -301 -294 -287 -280 -273 -266 -259 -252 -245 -238 -231 -224 -217 -210 -203 -196 -189 -182 -175 -168 -161 -154 -147 -140 -133 -126 -119 -112 -105 -98 -91 -84 -77 -70 -63 -56 -49 -42 -35 -28 -21 -14 -7 0 
-993 -986 -979 -972 -965 -958 -951 -944 -937 -930 -923 -916 -909 -902 -895 -888 -881 -874 -867 -860 -853 -846 -839 -832 -825 -818 -811 -804 -797 -790 -783 -776 -769 -762 -755 -748 -741 -734 -727 -720 -713 -706 -699 -692 -685 -678 -671 -664 -657 -650 -643 -636 -629 -622 -615 -608 -601 -594 -587 -580 -573 -566 -559 -552 -545 -538 -531 -524 -517 -510 -503 -496 -489 -482 -475 -468 -461 -454 -447 -440 -433 -426 -419 -412 -405 -398 -391 -384 -377 -370 -363 -356 -349 -342 -335 -328 -321 -314 -307 -300 
-293 -286 -279 -272 -265 -258 -251 -244 -237 -230 -223 -216 -209 -202 -195 -188 -181 -174 -167 -160 -153 -146 -139 -132 -125 -118 -111 -104 -97 -90 -83 -76 -69 -62 -55 -48 -41 -34 -27 -20 -13 -6 1 8 15 22 29 36 43 50 57 64 71 78 85 92 99 106 113 120 127 134 141 148 155 162 169 176 183 190 197 204 211 218 225 232 239 246 253 260 267 274 281 288 295 302 309 316 323 330 337 344 351 358 365 372 379 386 393 400 
407 414 421 428 435 442 449 456 463 470 477 484 491 498 505 512 519 526 533 540 547 554 561 568 575 582 589 596 603 610 617 624 631 638 645 652 659 666 673 680 687 694 701 708 715 722 729 736 743 750 757 764 771 778 785 792 799 806 813 820 827 834 841 848 855 862 869 876 883 890 897 904 911 918 925 932 939 946 953 960 967 974 981 988 995 2 9 16 23 30 37 44 51 58 65 72 79 86 93 100 
107 114 121 128 135 142 149 156 163 170 177 184 191 198 205 212 219 226 233 240 247 254 261 268 275 282 289 296 303 310 317 324 331 338 345 352 359 366 373 380 387 394 401 408 415 422 429 436 443 450 457 464 471 478 485 492 499 506 513 520 527 534 541 548 555 562 569 576 583 590 597 604 611 618 625 632 639 646 653 660 667 674 681 688 695 702 709 716 723 730 737 744 751 758 765 772 779 786 793 800 
807 814 821 828 835 842 849 856 863 870 877 884 891 898 905 912 919 926 933 940 947 954 961 968 975 982 989 996 3 10 17 24 31 38 45 52 59 66 73 80 87 94 101 108 115 122 129 136 143 150 157 164 171 178 185 192 199 206 213 220 227 234 241 248 255 262 269 276 283 290 297 304 311 318 325 332 339 346 353 360 367 374 381 388 395 402 409 416 423 430 437 444 451 458 465 472 479 486 493 500 
507 514 521 528 535 542 549 556 563 570 577 584 591 598 605 612 619 626 633 640 647 654 661 668 675 682 689 696 703 710 717 724 731 738 745 752 759 766 773 780 787 794 801 808 815 822 829 836 843 850 857 864 871 878 885 892 899 906 913 920 927 934 941 948 955 962 969 976 983 990 997 4 11 18 25 32 39 46 53 60 67 74 81 88 95 102 109 116 123 130 137 144 151 158 165 172 179 186 193 200 
207 214 221 228 235 242 249 256 263 270 277 284 291 298 305 312 319 326 333 340 347 354 361 368 375 382 389 396 403 410 417 424 431 438 445 452 459 466 473 480 487 494 501 508 515 522 529 536 543 550 557 564 571 578 585 592 599 606 613 620 627 634 641 648 655 662 669 676 683 690 697 704 711 718 725 732 739 746 753 760 767 774 781 788 795 802 809 816 823 830 837 844 851 858 865 872 879 886 893 900 
907 914 921 928 935 942 949 956 963 970 977 984 991 998 5 12 19 26 33 40 47 54 61 68 75 82 89 96 103 110 117 124 131 138 145 152 159 166 173 180 187 194 201 208 215 222 229 236 243 250 257 264 271 278 285 292 299 306 313 320 327 334 341 348 355 362 369 376 383 390 397 404 411 418 425 432 439 446 453 460 467 474 481 488 495 502 509 516 523 530 537 544 551 558 565 572 579 586 593 600 
607 614 621 628 635 642 649 656 663 670 677 684 691 698 705 712 719 726 733 740 747 754 761 768 775 782 789 796 803 810 817 824 831 838 845 852 859 866 873 880 887 894 901 908 915 922 929 936 943 950 957 964 971 978 985 992 999 6 13 20 27 34 41 48 55 62 69 76 83 90 97 104 111 118 125 132 139 146 153 160 167 174 181 188 195 202 209 216 223 230 237 244 251 258 265 272 279 286 293 300 
307 314 321 328 335 342 349 356 363 370 377 384 391 398 405 412 419 426 433 440 447 454 461 468 475 482 489 496 503 510 517 524 531 538 545 552 559 566 573 580 587 594 601 608 615 622 629 636 643 650 657 664 671 678 685 692 699 706 713 720 727 734 741 748 755 762 769 776 783 790 797 804 811 818 825 832 839 846 853 860 867 874 881 888 895 902 909 916 923 930 937 944 951 958 965 972 979 986 993 0 
7 14 21 28 35 42 49 56 63 70 77 84 91 98 105 112 119 126 133 140 147 154 161 168 175 182 189 196 203 210 217 224 231 238 245 252 259 266 273 280 287 294 301 308 315 322 329 336 343 350 357 364 371 378 385 392 399 406 413 420 427 434 441 448 455 462 469 476 483 490 497 504 511 518 525 532 539 546 553 560 567 574 581 588 595 602 609 616 623 630 637 644 651 658 665 672 679 686 693 700 
707 714 721 728 735 742 749 756 763 770 777 784 791 798 805 812 819 826 833 840 847 854 861 868 875 882 889 896 903 910 917 924 931 938 945 952 959 966 973 980 987 994 1 8 15 22 29 36 43 50 57 64 71 78 85 92 99 106 113 120 127 134 141 148 155 162 169 176 183 190 197 204 211 218 225 232 239 246 253 260 267 274 281 288 295 302 309 316 323 330 337 344 351 358 365 372 379 386 393 400 
407 414 421 428 435 442 449 456 463 470 477 484 491 498 505 512 519 526 533 540 547 554 561 568 575 582 589 596 603 610 617 624 631 638 645 652 659 666 673 680 687 694 701 708 715 722 729 736 743 750 757 764 771 778 785 792 799 806 813 820 827 834 841 848 855 862 869 876 883 890 897 904 911 918 925 932 939 946 953 960 967 974 981 988 995 2 9 16 23 30 37 44 51 58 65 72 79 86 93 100 
107 114 121 128 135 142 149 156 163 170 177 184 191 198 205 212 219 226 233 240 247 254 261 268 275 282 289 296 303 310 317 324 331 338 345 352 359 366 373 380 387 394 401 408 415 422 429 436 443 450 457 464 471 478 485 492 499 506 513 520 527 534 541 548 555 562 569 576 583 590 597 604 611 618 625 632 639 646 653 660 667 674 681 688 695 702 709 716 723 730 737 744 751 758 765 772 779 786 793 800 
807 814 821 828 835 842 849 856 863 870 877 884 891 898 905 912 919 926 933 940 947 954 961 968 975 982 989 996 3 10 17 24 31 38 45 52 59 66 73 80 87 94 101 108 115 122 129 136 143 150 157 164 171 178 185 192 199 206 213 220 227 234 241 248 255 262 269 276 283 290 297 304 311 318 325 332 339 346 353 360 367 374 381 388 395 402 409 416 423 430 437 444 451 458 465 472 479 486 493 500 
507 514 521 528 535 542 549 556 563 570 577 584 591 598 605 612 619 626 633 640 647 654 661 668 675 682 689 696 703 710 717 724 731 738 745 752 759 766 773 780 787 794 801 808 815 822 829 836 843 850 857 864 871 878 885 892 899 906 913 920 927 934 941 948 955 962 969 976 983 990 997 4 11 18 25 32 39 46 53 60 67 74 81 88 95 102 109 116 123 130 137 144 151 158 165 172 179 186 193 200 
207 214 221 228 235 242 249 256 263 270 277 284 291 298 305 312 319 326 333 340 347 354 361 368 375 382 389 396 403 410 417 424 431 438 445 452 459 466 473 480 487 494 501 508 515 522 529 536 543 550 557 564 571 578 585 592 599 606 613 620 627 634 641 648 655 662 669 676 683 690 697 704 711 718 725 732 739 746 753 760 767 774 781 788 795 802 809 816 823 830 837 844 851 858 865 872 879 886 893 900 
907 914 921 928 935 942 949 956 963 970 977 984 991 998 5 12 19 26 33 40 47 54 61 68 75 82 89 96 103 110 117 124 131 138 145 152 159 166 173 180 187 194 201 208 215 222 229 236 243 250 257 264 271 278 285 292 299 306 313 320 327 334 341 348 355 362 369 376 383 390 397 404 411 418 425 432 439 446 453 460 467 474 481 488 495 502 509 516 523 530 537 544 551 558 565 572 579 586 593 600 
607 614 621 628 635 642 649 656 663 670 677 684 691 698 705 712 719 726 733 740 747 754 761 768 775 782 789 796 803 810 817 824 831 838 845 852 859 866 873 880 887 894 901 908 915 922 929 936 943 950 957 964 971 978 985 992 999 6 13 20 27 34 41 48 55 62 69 76 83 90 97 104 111 118 125 132 139 146 153 160 167 174 181 188 195 202 209 216 223 230 237 244 251 258 265 272 279 286 293 300 
307 314 321 328 335 342 349 356 363 370 377 384 391 398 405 412 419 426 433 440 447 454 461 468 475 482 489 496 503 510 517 524 531 538 545 552 559 566 573 580 587 594 601 608 615 622 629 636 643 650 657 664 671 678 685 692 699 706 713 720 727 734 741 748 755 762 769 776 783 790 797 804 811 818 825 832 839 846 853 860 867 874 881 888 895 902 909 916 923 930 937 944 951 958 965 972 979 986 993 0 
7 14 21 28 35 42 49 56 63 70 77 84 91 98 105 112 119 126 133 140 147 154 161 168 175 182 189 196 203 210 217 224 231 238 245 252 259 266 273 280 287 294 301 308 315 322 329 336 343 350 357 364 371 378 385 392 399 406 413 420 427 434 441 448 455 462 469 476 483 490 497 504 511 518 525 532 539 546 553 560 567 574 581 588 595 602 609 616 623 630 637 644 651 658 665 672 679 686 693 700 
707 714 721 728 735 742 749 756 763 770 777 784 791 798 805 812 819 826 833 840 847 854 861 868 875 882 889 896 903 910 917 924 931 938 945 952 959 966 973 980 987 994 1 8 15 22 29 36 43 50 57 64 71 78 85 92 99 106 113 120 127 134 141 148 155 162 169 176 183 190 197 204 211 218 225 232 239 246 253 260 267 274 281 288 295 302 309 316 323 330 337 344 351 358 365 372 379 386 393 400 
407 414 421 428 435 442 449 456 463 470 477 484 491 498 505 512 519 526 533 540 547 554 561 568 575 582 589 596 603 610 617 624 631 638 645 652 659 666 673 680 687 694 701 708 715 722 729 736 743 750 757 764 771 778 785 792 799 806 813 820 827 834 841 848 855 862 869 876 883 890 897 904 911 918 925 932 939 946 953 960 967 974 981 988 995 2 9 16 23 30 37 44 51 58 65 72 79 86 93 100 
107 114 121 128 135 142 149 156 163 170 177 184 191 198 205 212 219 226 233 240 247 254 261 268 275 282 289 296 303 310 317 324 331 338 345 352 359 366 373 380 387 394 401 408 415 422 429 436 443 450 457 464 471 478 485 492 499 506 513 520 527 534 541 548 555 562 569 576 583 590 597 604 611 618 625 632 639 646 653 660 667 674 681 688 695 702 709 716 723 730 737 744 751 758 765 772 779 786 793 800 
807 814 821 828 835 842 849 856 863 870 877 884 891 898 905 912 919 926 933 940 947 954 961 968 975 982 989 996 3 10 17 24 31 38 45 52 59 66 73 80 87 94 101 108 115 122 129 136 143 150 157 164 171 178 185 192 199 206 213 220 227 234 241 248 255 262 269 276 283 290 297 304 311 318 325 332 339 346 353 360 367 374 381 388 395 402 409 416 423 430 437 444 451 458 465 472 479 486 493 500 
507 514 521 528 535 542 549 556 563 570 577 584 591 598 605 612 619 626 633 640 647 654 661 668 675 682 689 696 703 710 717 724 731 738 745 752 759 766 773 780 787 794 801 808 815 822 829 836 843 850 857 864 871 878 885 892 899 906 913 920 927 934 941 948 955 962 969 976 983 990 997 4 11 18 25 32 39 46 53 60 67 74 81 88 95 102 109 116 123 130 137 144 151 158 165 172 179 186 193 200 
207 214 221 228 235 242 249 256 263 270 277 284 291 298 305 312 319 326 333 340 347 354 361 368 375 382 389 396 403 410 417 424 431 438 445 452 459 466 473 480 487 494 501 508 515 522 529 536 543 550 557 564 571 578 585 592 599 606 613 620 627 634 641 648 655 662 669 676 683 690 697 704 711 718 725 732 739 746 753 760 767 774 781 788 795 802 809 816 823 830 837 844 851 858 865 872 879 886 893 900 
907 914 921 928 935 942 949 956 963 970 977 984 991 998 5 12 19 26 33 40 47 54 61 68 75 82 89 96 103 110 117 124 131 138 145 152 159 166 173 180 187 194 201 208 215 222 229 236 243 250 257 264 271 278 285 292 299 306 313 320 327 334 341 348 355 362 369 376 383 390 397 404 411 418 425 432 439 446 453 460 467 474 481 488 495 502 509 516 523 530 537 544 551 558 565 572 579 586 593 600 
607 614 621 628 635 642 649 656 663 670 677 684 691 698 705 712 719 726 733 740 747 754 761 768 775 782 789 796 803 810 817 824 831 838 845 852 859 866 873 880 887 894 901 908 915 922 929 936 943 950 957 964 971 978 985 992 999 6 13 20 27 34 41 48 55 62 69 76 83 90 97 104 111 118 125 132 139 146 153 160 167 174 181 188 195 202 209 216 223 230 237 244 251 258 265 272 279 286 293 300 
307 314 321 328 335 342 349 356 363 370 377 384 391 398 405 412 419 426 433 440 447 454 461 468 475 482 489 496 503 510 517 524 531 538 545 552 559 566 573 580 587 594 601 608 615 622 629 636 643 650 657 664 671 678 685 692 699 706 713 720 727 734 741 748 755 762 769 776 783 790 797 804 811 818 825 832 839 846 853 860 867 874 881 888 895 902 909 916 923 930 937 944 951 958 965 972 979 986 993 0 
7 14 21 28 35 42 49 56 63 70 77 84 91 98 105 112 119 126 133 140 147 154 161 168 175 182 189 196 203 210 217 224 231 238 245 252 259 266 273 280 287 294 301 308 315 322 329 336 343 350 357 364 371 378 385 392 399 406 413 420 427 434 441 448 455 462 469 476 483 490 497 504 511 518 525 532 539 546 553 560 567 574 581 588 595 602 609 616 623 630 637 644 651 658 665 672 679 686 693 700 
707 714 721 728 735 742 749 756 763 770 777 784 791 798 805 812 819 826 833 840 847 854 861 868 875 882 889 896 903 910 917 924 931 938 945 952 959 966 973 980 987 994 1 8 15 22 29 36 43 50 57 64 71 78 85 92 99 106 113 120 127 134 141 148 155 162 169 176 183 190 197 204 211 218 225 232 239 246 253 260 267 274 281 288 295 302 309 316 323 330 337 344 351 358 365 372 379 386 393 400 
407 414 421 428 435 442 449 456 463 470 477 484 491 498 505 512 519 526 533 540 547 554 561 568 575 582 589 596 603 610 617 624 631 638 645 652 659 666 673 680 687 694 701 708 715 722 729 736 743 750 757 764 771 778 785 792 799 806 813 820 827 834 841 848 855 862 869 876 883 890 897 904 911 918 925 932 939 946 953 960 967 974 981 988 995 2 9 16 23 30 37 44 51 58 65 72 79 86 93 100 
107 114 121 128 135 142 149 156 163 170 177 184 191 198 205 212 219 226 233 240 247 254 261 268 275 282 289 296 303 310 317 324 331 338 345 352 359 366 373 380 387 394 401 408 415 422 429 436 443 450 457 464 471 478 485 492 499 506 513 520 527 534 541 548 555 562 569 576 583 590 597 604 611 618 625 632 639 646 653 660 667 674 681 688 695 702 709 716 723 730 737 744 751 758 765 772 779 786 793 800 
807 814 821 828 835 842 849 856 863 870 877 884 891 898 905 912 919 926 933 940 947 954 961 968 975 982 989 996 3 10 17 24 31 38 45 52 59 66 73 80 87 94 101 108 115 122 129 136 143 150 157 164 171 178 185 192 199 206 213 220 227 234 241 248 255 262 269 276 283 290 297 304 311 318 325 332 339 346 353 360 367 374 381 388 395 402 409 416 423 430 437 444 451 458 465 472 479 486 493 500 
507 514 521 528 535 542 549 556 563 570 577 584 591 598 605 612 619 626 633 640 647 654 661 668 675 682 689 696 703 710 717 724 731 738 745 752 759 766 773 780 787 794 801 808 815 822 829 836 843 850 857 864 871 878 885 892 899 906 913 920 927 934 941 948 955 962 969 976 983 990 997 4 11 18 25 32 39 46 53 60 67 74 81 88 95 102 109 116 123 130 137 144 151 158 165 172 179 186 193 200 
207 214 221 228 235 242 249 256 263 270 277 284 291 298 305 312 319 326 333 340 347 354 361 368 375 382 389 396 403 410 417 424 431 438 445 452 459 466 473 480 487 494 501 508 515 522 529 536 543 550 557 564 571 578 585 592 599 606 613 620 627 634 641 648 655 662 669 676 683 690 697 704 711 718 725 732 739 746 753 760 767 774 781 788 795 802 809 816 823 830 837 844 851 858 865 872 879 886 893 900 
907 914 921 928 935 942 949 956 963 970 977 984 991 998 5 12 19 26 33 40 47 54 61 68 75 82 89 96 103 110 117 124 131 138 145 152 159 166 173 180 187 194 201 208 215 222 229 236 243 250 257 264 271 278 285 292 299 306 313 320 327 334 341 348 355 362 369 376 383 390 397 404 411 418 425 432 439 446 453 460 467 474 481 488 495 502 509 516 523 530 537 544 551 558 565 572 579 586 593 600 
607 614 621 628 635 642 649 656 663 670 677 684 691 698 705 712 719 726 733 740 747 754 761 768 775 782 789 796 803 810 817 824 831 838 845 852 859 866 873 880 887 894 901 908 915 922 929 936 943 950 957 964 971 978 985 992 999 6 13 20 27 34 41 48 55 62 69 76 83 90 97 104 111 118 125 132 139 146 153 160 167 174 181 188 195 202 209 216 223 230 237 244 251 258 265 272 279 286 293 300 
307 314 321 328 335 342 349 356 363 370 377 384 391 398 405 412 419 426 433 440 447 454 461 468 475 482 489 496 503 510 517 524 531 538 545 552 559 566 573 580 587 594 601 608 615 622 629 636 643 650 657 664 671 678 685 692 699 706 713 720 727 734 741 748 755 762 769 776 783 790 797 804 811 818 825 832 839 846 853 860 867 874 881 888 895 902 909 916 923 930 937 944 951 958 965 972 979 986 993 0 
7 14 21 28 35 42 49 56 63 70 77 84 91 98 105 112 119 126 133 140 147 154 161 168 175 182 189 196 203 210 217 224 231 238 245 252 259 266 273 280 287 294 301 308 315 322 329 336 343 350 357 364 371 378 385 392 399 406 413 420 427 434 441 448 455 462 469 476 483 490 497 504 511 518 525 532 539 546 553 560 567 574 581 588 595 602 609 616 623 630 637 644 651 658 665 672 679 686 693 700 
707 714 721 728 735 742 749 756 763 770 777 784 791 798 805 812 819 826 833 840 847 854 861 868 875 882 889 896 903 910 917 924 931 938 945 952 959 966 973 980 987 994 1 8 15 22 29 36 43 50 57 64 71 78 85 92 99 106 113 120 127 134 141 148 155 162 169 176 183 190 197 204 211 218 225 232 239 246 253 260 267 274 281 288 295 302 309 316 323 330 337 344 351 358 365 372 379 386 393 400 
407 414 421 428 435 442 449 456 463 470 477 484 491 498 505 512 519 526 533 540 547 554 561 568 575 582 589 596 603 610 617 624 631 638 645 652 659 666 673 680 687 694 701 708 715 722 729 736 743 750 757 764 771 778 785 792 799 806 813 820 827 834 841 848 855 862 869 876 883 890 897 904 911 918 925 932 939 946 953 960 967 974 981 988 995 2 9 16 23 30 37 44 51 58 65 72 79 86 93 100 
107 114 121 128 135 142 149 156 163 170 177 184 191 198 205 212 219 226 233 240 247 254 261 268 275 282 289 296 303 310 317 324 331 338 345 352 359 366 373 380 387 394 401 408 415 422 429 436 443 450 457 464 471 478 485 492 499 506 513 520 527 534 541 548 555 562 569 576 583 590 597 604 611 618 625 632 639 646 653 660 667 674 681 688 695 702 709 716 723 730 737 744 751 758 765 772 779 786 793 800 
807 814 821 828 835 842 849 856 863 870 877 884 891 898 905 912 919 926 933 940 947 954 961 968 975 982 989 996 3 10 17 24 31 38 45 52 59 66 73 80 87 94 101 108 115 122 129 136 143 150 157 164 171 178 185 192 199 206 213 220 227 234 241 248 255 262 269 276 283 290 297 304 311 318 325 332 339 346 353 360 367 374 381 388 395 402 409 416 423 430 437 444 451 458 465 472 479 486 493 500 
507 514 521 528 535 542 549 556 563 570 577 584 591 598 605 612 619 626 633 640 647 654 661 668 675 682 689 696 703 710 717 724 731 738 745 752 759 766 773 780 787 794 801 808 815 822 829 836 843 850 857 864 871 878 885 892 899 906 913 920 927 934 941 948 955 962 969 976 983 990 997 4 11 18 25 32 39 46 53 60 67 74 81 88 95 102 109 116 123 130 137 144 151 158 165 172 179 186 193 200 
207 214 221 228 235 242 249 256 263 270 277 284 291 298 305 312 319 326 333 340 347 354 361 368 375 382 389 396 403 410 417 424 431 438 445 452 459 466 473 480 487 494 501 508 515 522 529 536 543 550 557 564 571 578 585 592 599 606 613 620 627 634 641 648 655 662 669 676 683 690 697 704 711 718 725 732 739 746 753 760 767 774 781 788 795 802 809 816 823 830 837 844 851 858 865 872 879 886 893 900 
907 914 921 928 935 942 949 956 963 970 977 984 991 998 5 12 19 26 33 40 47 54 61 68 75 82 89 96 103 110 117 124 131 138 145 152 159 166 173 180 187 194 201 208 215 222 229 236 243 250 257 264 271 278 285 292 299 306 313 320 327 334 341 348 355 362 369 376 383 390 397 404 411 418 425 432 439 446 453 460 467 474 481 488 495 502 509 516 523 530 537 544 551 558 565 572 579 586 593 600 
607 614 621 628 635 642 649 656 663 670 677 684 691 698 705 712 719 726 733 740 747 754 761 768 775 782 789 796 803 810 817 824 831 838 845 852 859 866 873 880 887 894 901 908 915 922 929 936 943 950 957 964 971 978 985 992 999 6 13 20 27 34 41 48 55 62 69 76 83 90 97 104 111 118 125 132 139 146 153 160 167 174 181 188 195 202 209 216 223 230 237 244 251 258 265 272 279 286 293 300 
307 314 321 328 335 342 349 356 363 370 377 384 391 398 405 412 419 426 433 440 447 454 461 468 475 482 489 496 503 510 517 524 531 538 545 552 559 566 573 580 587 594 601 608 615 622 629 636 643 650 657 664 671 678 685 692 699 706 713 720 727 734 741 748 755 762 769 776 783 790 797 804 811 818 825 832 839 846 853 860 867 874 881 888 895 902 909 916 923 930 937 944 951 958 965 972 979 986 993 0 
7 14 21 28 35 42 49 56 63 70 77 84 91 98 105 112 119 126 133 140 147 154 161 168 175 182 189 196 203 210 217 224 231 238 245 252 259 266 273 280 287 294 301 308 315 322 329 336 343 350 357 364 371 378 385 392 399 406 413 420 427 434 441 448 455 462 469 476 483 490 497 504 511 518 525 532 539 546 553 560 567 574 581 588 595 602 609 616 623 630 637 644 651 658 665 672 679 686 693 700 
707 714 721 728 735 742 749 756 763 770 777 784 791 798 805 812 819 826 833 840 847 854 861 868 875 882 889 896 903 910 917 924 931 938 945 952 959 966 973 980 987 994 1 8 15 22 29 36 43 50 57 64 71 78 85 92 99 106 113 120 127 134 141 148 155 162 169 176 183 190 197 204 211 218 225 232 239 246 253 260 267 274 281 288 295 302 309 316 323 330 337 344 351 358 365 372 379 386 393 400 
407 414 421 428 435 442 449 456 463 470 477 484 491 498 505 512 519 526 533 540 547 554 561 568 575 582 589 596 603 610 617 624 631 638 645 652 659 666 673 680 687 694 701 708 715 722 729 736 743 750 757 764 771 778 785 792 799 806 813 820 827 834 841 848 855 862 869 876 883 890 897 904 911 918 925 932 939 946 953 960 967 974 981 988 995 2 9 16 23 30 37 44 51 58 65 72 79 86 93 100 
107 114 121 128 135 142 149 156 163 170 177 184 191 198 205 212 219 226 233 240 247 254 261 268 275 282 289 296 303 310 317 324 331 338 345 352 359 366 373 380 387 394 401 408 415 422 429 436 443 450 457 464 471 478 485 492 499 506 513 520 527 534 541 548 555 562 569 576 583 590 597 604 611 618 625 632 639 646 653 660 667 674 681 688 695 702 709 716 723 730 737 744 751 758 765 772 779 786 793 800 
807 814 821 828 835 842 849 856 863 870 877 884 891 898 905 912 919 926 933 940 947 954 961 968 975 982 989 996 3 10 17 24 31 38 45 52 59 66 73 80 87 94 101 108 115 122 129 136 143 150 157 164 171 178 185 192 199 206 213 220 227 234 241 248 255 262 269 276 283 290 297 304 311 318 325 332 339 346 353 360 367 374 381 388 395 402 409 416 423 430 437 444 451 458 465 472 479 486 493 500 
507 514 521 528 535 542 549 556 563 570 577 584 591 598 605 612 619 626 633 640 647 654 661 668 675 682 689 696 703 710 717 724 731 738 745 752 759 766 773 780 787 794 801 808 815 822 829 836 843 850 857 864 871 878 885 892 899 906 913 920 927 934 941 948 955 962 969 976 983 990 997 4 11 18 25 32 39 46 53 60 67 74 81 88 95 102 109 116 123 130 137 144 151 158 165 172 179 186 193 200 
207 214 221 228 235 242 249 256 263 270 277 284 291 298 305 312 319 326 333 340 347 354 361 368 375 382 389 396 403 410 417 424 431 438 445 452 459 466 473 480 487 494 501 508 515 522 529 536 543 550 557 564 571 578 585 592 599 606 613 620 627 634 641 648 655 662 669 676 683 690 697 704 711 718 725 732 739 746 753 760 767 774 781 788 795 802 809 816 823 830 837 844 851 858 865 872 879 886 893 900 
907 914 921 928 935 942 949 956 963 970 977 984 991 998 5 12 19 26 33 40 47 54 61 68 75 82 89 96 103 110 117 124 131 138 145 152 159 166 173 180 187 194 201 208 215 222 229 236 243 250 257 264 271 278 285 292 299 306 313 320 327 334 341 348 355 362 369 376 383 390 397 404 411 418 425 432 439 446 453 460 467 474 481 488 495 502 509 516 523 530 537 544 551 558 565 572 579 586 593 600 
607 614 621 628 635 642 649 656 663 670 677 684 691 698 705 712 719 726 733 740 747 754 761 768 775 782 789 796 803 810 817 824 831 838 845 852 859 866 873 880 887 894 901 908 915 922 929 936 943 950 957 964 971 978 985 992 999 6 13 20 27 34 41 48 55 62 69 76 83 90 97 104 111 118 125 132 139 146 153 160 167 174 181 188 195 202 209 216 223 230 237 244 251 258 265 272 279 286 293 300 
307 314 321 328 335 342 349 356 363 370 377 384 391 398 405 412 419 426 433 440 447 454 461 468 475 482 489 496 503 510 517 524 531 538 545 552 559 566 573 580 587 594 601 608 615 622 629 636 643 650 657 664 671 678 685 692 699 706 713 720 727 734 741 748 755 762 769 776 783 790 797 804 811 818 825 832 839 846 853 860 867 874 881 888 895 902 909 916 923 930 937 944 951 958 965 972 979 986 993 0 
7 14 21 28 35 42 49 56 63 70 77 84 91 98 105 112 119 126 133 140 147 154 161 168 175 182 189 196 203 210 217 224 231 238 245 252 259 266 273 280 287 294 301 308 315 322 329 336 343 350 357 364 371 378 385 392 399 406 413 420 427 434 441 448 455 462 469 476 483 490 497 504 511 518 525 532 539 546 553 560 567 574 581 588 595 602 609 616 623 630 637 644 651 658 665 672 679 686 693 700 
707 714 721 728 735 742 749 756 763 770 777 784 791 798 805 812 819 826 833 840 847 854 861 868 875 882 889 896 903 910 917 924 931 938 945 952 959 966 973 980 987 994 1 8 15 22 29 36 43 50 57 64 71 78 85 92 99 106 113 120 127 134 141 148 155 162 169 176 183 190 197 204 211 218 225 232 239 246 253 260 267 274 281 288 295 302 309 316 323 330 337 344 351 358 365 372 379 386 393 400 
407 414 421 428 435 442 449 456 463 470 477 484 491 498 505 512 519 526 533 540 547 554 561 568 575 582 589 596 603 610 617 624 631 638 645 652 659 666 673 680 687 694 701 708 715 722 729 736 743 750 757 764 771 778 785 792 799 806 813 820 827 834 841 848 855 862 869 876 883 890 897 904 911 918 925 932 939 946 953 960 967 974 981 988 995 2 9 16 23 30 37 44 51 58 65 72 79 86 93 100 
107 114 121 128 135 142 149 156 163 170 177 184 191 198 205 212 219 226 233 240 247 254 261 268 275 282 289 296 303 310 317 324 331 338 345 352 359 366 373 380 387 394 401 408 415 422 429 436 443 450 457 464 471 478 485 492 499 506 513 520 527 534 541 548 555 562 569 576 583 590 597 604 611 618 625 632 639 646 653 660 667 674 681 688 695 702 709 716 723 730 737 744 751 758 765 772 779 786 793 800 
807 814 821 828 835 842 849 856 863 870 877 884 891 898 905 912 919 926 933 940 947 954 961 968 975 982 989 996 3 10 17 24 31 38 45 52 59 66 73 80 87 94 101 108 115 122 129 136 143 150 157 164 171 178 185 192 199 206 213 220 227 234 241 248 255 262 269 276 283 290 297 304 311 318 325 332 339 346 353 360 367 374 381 388 395 402 409 416 423 430 437 444 451 458 465 472 479 486 493 500 
507 514 521 528 535 542 549 556 563 570 577 584 591 598 605 612 619 626 633 640 647 654 661 668 675 682 689 696 703 710 717 724 731 738 745 752 759 766 773 780 787 794 801 808 815 822 829 836 843 850 857 864 871 878 885 892 899 906 913 920 927 934 941 948 955 962 969 976 983 990 997 4 11 18 25 32 39 46 53 60 67 74 81 88 95 102 109 116 123 130 137 144 151 158 165 172 179 186 193 200 
207 214 221 228 235 242 249 256 263 270 277 284 291 298 305 312 319 326 333 340 347 354 361 368 375 382 389 396 403 410 417 424 431 438 445 452 459 466 473 480 487 494 501 508 515 522 529 536 543 550 557 564 571 578 585 592 599 606 613 620 627 634 641 648 655 662 669 676 683 690 697 704 711 718 725 732 739 746 753 760 767 774 781 788 795 802 809 816 823 830 837 844 851 858 865 872 879 886 893 900 
907 914 921 928 935 942 949 956 963 970 977 984 991 998 5 12 19 26 33 40 47 54 61 68 75 82 89 96 103 110 117 124 131 138 145 152 159 166 173 180 187 194 201 208 215 222 229 236 243 250 257 264 271 278 285 292 299 306 313 320 327 334 341 348 355 362 369 376 383 390 397 404 411 418 425 432 439 446 453 460 467 474 481 488 495 502 509 516 523 530 537 544 551 558 565 572 579 586 593 600 
607 614 621 628 635 642 649 656 663 670 677 684 691 698 705 712 719 726 733 740 747 754 761 768 775 782 789 796 803 810 817 824 831 838 845 852 859 866 873 880 887 894 901 908 915 922 929 936 943 950 957 964 971 978 985 992 999 6 13 20 27 34 41 48 55 62 69 76 83 90 97 104 111 118 125 132 139 146 153 160 167 174 181 188 195 202 209 216 223 230 237 244 251 258 265 272 279 286 293 300 
307 314 321 328 335 342 349 356 363 370 377 384 391 398 405 412 419 426 433 440 447 454 461 468 475 482 489 496 503 510 517 524 531 538 545 552 559 566 573 580 587 594 601 608 615 622 629 636 643 650 657 664 671 678 685 692 699 706 713 720 727 734 741 748 755 762 769 776 783 790 797 804 811 818 825 832 839 846 853 860 867 874 881 888 895 902 909 916 923 930 937 944 951 958 965 972 979 986 993 0 
7 14 21 28 35 42 49 56 63 70 77 84 91 98 105 112 119 126 133 140 147 154 161 168 175 182 189 196 203 210 217 224 231 238 245 252 259 266 273 280 287 294 301 308 315 322 329 336 343 350 357 364 371 378 385 392 399 406 413 420 427 434 441 448 455 462 469 476 483 490 497 504 511 518 525 532 539 546 553 560 567 574 581 588 595 602 609 616 623 630 637 644 651 658 665 672 679 686 693 700 
707 714 721 728 735 742 749 756 763 770 777 784 791 798 805 812 819 826 833 840 847 854 861 868 875 882 889 896 903 910 917 924 931 938 945 952 959 966 973 980 987 994 1 8 15 22 29 36 43 50 57 64 71 78 85 92 99 106 113 120 127 134 141 148 155 162 169 176 183 190 197 204 211 218 225 232 239 246 253 260 267 274 281 288 295 302 309 316 323 330 337 344 351 358 365 372 379 386 393 400 
407 414 421 428 435 442 449 456 463 470 477 484 491 498 505 512 519 526 533 540 547 554 561 568 575 582 589 596 603 610 617 624 631 638 645 652 659 666 673 680 687 694 701 708 715 722 729 736 743 750 757 764 771 778 785 792 799 806 813 820 827 834 841 848 855 862 869 876 883 890 897 904 911 918 925 932 939 946 953 960 967 974 981 988 995 2 9 16 23 30 37 44 51 58 65 72 79 86 93 100 
107 114 121 128 135 142 149 156 163 170 177 184 191 198 205 212 219 226 233 240 247 254 261 268 275 282 289 296 303 310 317 324 331 338 345 352 359 366 373 380 387 394 401 408 415 422 429 436 443 450 457 464 471 478 485 492 499 506 513 520 527 534 541 548 555 562 569 576 583 590 597 604 611 618 625 632 639 646 653 660 667 674 681 688 695 702 709 716 723 730 737 744 751 758 765 772 779 786 793 800 
807 814 821 828 835 842 849 856 863 870 877 884 891 898 905 912 919 926 933 940 947 954 961 968 975 982 989 996 3 10 17 24 31 38 45 52 59 66 73 80 87 94 101 108 115 122 129 136 143 150 157 164 171 178 185 192 199 206 213 220 227 234 241 248 255 262 269 276 283 290 297 304 311 318 325 332 339 346 353 360 367 374 381 388 395 402 409 416 423 430 437 444 451 458 465 472 479 486 493 500 
507 514 521 528 535 542 549 556 563 570 577 584 591 598 605 612 619 626 633 640 647 654 661 668 675 682 689 696 703 710 717 724 731 738 745 752 759 766 773 780 787 794 801 808 815 822 829 836 843 850 857 864 871 878 885 892 899 906 913 920 927 934 941 948 955 962 969 976 983 990 997 4 11 18 25 32 39 46 53 60 67 74 81 88 95 102 109 116 123 130 137 144 151 158 165 172 179 186 193 200 
207 214 221 228 235 242 249 256 263 270 277 284 291 298 305 312 319 326 333 340 347 354 361 368 375 382 389 396 403 410 417 424 431 438 445 452 459 466 473 480 487 494 501 508 515 522 529 536 543 550 557 564 571 578 585 592 599 606 613 620 627 634 641 648 655 662 669 676 683 690 697 704 711 718 725 732 739 746 753 760 767 774 781 788 795 802 809 816 823 830 837 844 851 858 865 872 879 886 893 900 
907 914 921 928 935 942 949 956 963 970 977 984 991 998 5 12 19 26 33 40 47 54 61 68 75 82 89 96 103 110 117 124 131 138 145 152 159 166 173 180 187 194 201 208 215 222 229 236 243 250 257 264 271 278 285 292 299 306 313 320 327 334 341 348 355 362 369 376 383 390 397 404 411 418 425 432 439 446 453 460 467 474 481 488 495 502 509 516 523 530 537 544 551 558 565 572 579 586 593 600 
607 614 621 628 635 642 649 656 663 670 677 684 691 698 705 712 719 726 733 740 747 754 761 768 775 782 789 796 803 810 817 824 831 838 845 852 859 866 873 880 887 894 901 908 915 922 929 936 943 950 957 964 971 978 985 992 999 6 13 20 27 34 41 48 55 62 69 76 83 90 97 104 111 118 125 132 139 146 153 160 167 174 181 188 195 202 209 216 223 230 237 244 251 258 265 272 279 286 293 300 
307 314 321 328 335 342 349 356 363 370 377 384 391 398 405 412 419 426 433 440 447 454 461 468 475 482 489 496 503 510 517 524 531 538 545 552 559 566 573 580 587 594 601 608 615 622 629 636 643 650 657 664 671 678 685 692 699 706 713 720 727 734 741 748 755 762 769 776 783 790 797 804 811 818 825 832 839 846 853 860 867 874 881 888 895 902 909 916 923 930 937 944 951 958 965 972 979 986 993 0 
7 14 21 28 35 42 49 56 63 70 77 84 91 98 105 112 119 126 133 140 147 154 161 168 175 182 189 196 203 210 217 224 231 238 245 252 259 266 273 280 287 294 301 308 315 322 329 336 343 350 357 364 371 378 385 392 399 406 413 420 427 434 441 448 455 462 469 476 483 490 497 504 511 518 525 532 539 546 553 560 567 574 581 588 595 602 609 616 623 630 637 644 651 658 665 672 679 686 693 700 
707 714 721 728 735 742 749 756 763 770 777 784 791 798 805 812 819 826 833 840 847 854 861 868 875 882 889 896 903 910 917 924 931 938 945 952 959 966 973 980 987 994 1 8 15 22 29 36 43 50 57 64 71 78 85 92 99 106 113 120 127 134 141 148 155 162 169 176 183 190 197 204 211 218 225 232 239 246 253 260 267 274 281 288 295 302 309 316 323 330 337 344 351 358 365 372 379 386 393 400 
407 414 421 428 435 442 449 456 463 470 477 484 491 498 505 512 519 526 533 540 547 554 561 568 575 582 589 596 603 610 617 624 631 638 645 652 659 666 673 680 687 694 701 708 715 722 729 736 743 750 757 764 771 778 785 792 799 806 813 820 827 834 841 848 855 862 869 876 883 890 897 904 911 918 925 932 939 946 953 960 967 974 981 988 995 2 9 16 23 30 37 44 51 58 65 72 79 86 93 100 
107 114 121 128 135 142 149 156 163 170 177 184 191 198 205 212 219 226 233 240 247 254 261 268 275 282 289 296 303 310 317 324 331 338 345 352 359 366 373 380 387 394 401 408 415 422 429 436 443 450 457 464 471 478 485 492 499 506 513 520 527 534 541 548 555 562 569 576 583 590 597 604 611 618 625 632 639 646 653 660 667 674 681 688 695 702 709 716 723 730 737 744 751 758 765 772 779 786 793 800 
807 814 821 828 835 842 849 856 863 870 877 884 891 898 905 912 919 926 933 940 947 954 961 968 975 982 989 996 3 10 17 24 31 38 45 52 59 66 73 80 87 94 101 108 115 122 129 136 143 150 157 164 171 178 185 192 199 206 213 220 227 234 241 248 255 262 269 276 283 290 297 304 311 318 325 332 339 346 353 360 367 374 381 388 395 402 409 416 423 430 437 444 451 458 465 472 479 486 493 500 
507 514 521 528 535 542 549 556 563 570 577 584 591 598 605 612 619 626 633 640 647 654 661 668 675 682 689 696 703 710 717 724 731 738 745 752 759 766 773 780 787 794 801 808 815 822 829 836 843 850 857 864 871 878 885 892 899 906 913 920 927 934 941 948 955 962 969 976 983 990 997 4 11 18 25 32 39 46 53 60 67 74 81 88 95 102 109 116 123 130 137 144 151 158 165 172 179 186 193 200 
207 214 221 228 235 242 249 256 263 270 277 284 291 298 305 312 319 326 333 340 347 354 361 368 375 382 389 396 403 410 417 424 431 438 445 452 459 466 473 480 487 494 501 508 515 522 529 536 543 550 557 564 571 578 585 592 599 606 613 620 627 634 641 648 655 662 669 676 683 690 697 704 711 718 725 732 739 746 753 760 767 774 781 788 795 802 809 816 823 830 837 844 851 858 865 872 879 886 893 900 
907 914 921 928 935 942 949 956 963 970 977 984 991 998 5 12 19 26 33 40 47 54 61 68 75 82 89 96 103 110 117 124 131 138 145 152 159 166 173 180 187 194 201 208 215 222 229 236 243 250 257 264 271 278 285 292 299 306 313 320 327 334 341 348 355 362 369 376 383 390 397 404 411 418 425 432 439 446 453 460 467 474 481 488 495 502 509 516 523 530 537 544 551 558 565 572 579 586 593 600 
607 614 621 628 635 642 649 656 663 670 677 684 691 698 705 712 719 726 733 740 747 754 761 768 775 782 789 796 803 810 817 824 831 838 845 852 859 866 873 880 887 894 901 908 915 922 929 936 943 950 957 964 971 978 985 992 999 6 13 20 27 34 41 48 55 62 69 76 83 90 97 104 111 118 125 132 139 146 153 160 167 174 181 188 195 202 209 216 223 230 237 244 251 258 265 272 279 286 293 300 
307 314 321 328 335 342 349 356 363 370 377 384 391 398 405 412 419 426 433 440 447 454 461 468 475 482 489 496 503 510 517 524 531 538 545 552 559 566 573 580 587 594 601 608 615 622 629 636 643 650 657 664 671 678 685 692 699 706 713 720 727 734 741 748 755 762 769 776 783 790 797 804 811 818 825 832 839 846 853 860 867 874 881 888 895 902 909 916 923 930 937 944 951 958 965 972 979 986 993 0 
7 14 21 28 35 42 49 56 63 70 77 84 91 98 105 112 119 126 133 140 147 154 161 168 175 182 189 196 203 210 217 224 231 238 245 252 259 266 273 280 287 294 301 308 315 322 329 336 343 350 357 364 371 378 385 392 399 406 413 420 427 434 441 448 455 462 469 476 483 490 497 504 511 518 525 532 539 546 553 560 567 574 581 588 595 602 609 616 623 630 637 644 651 658 665 672 679 686 693 700 
707 714 721 728 735 742 749 756 763 770 777 784 791 798 805 812 819 826 833 840 847 854 861 868 875 882 889 896 903 910 917 924 931 938 945 952 959 966 973 980 987 994 1 8 15 22 29 36 43 50 57 64 71 78 85 92 99 106 113 120 127 134 141 148 155 162 169 176 183 190 197 204 211 218 225 232 239 246 253 260 267 274 281 288 295 302 309 316 323 330 337 344 351 358 365 372 379 386 393 400 
407 414 421 428 435 442 449 456 463 470 477 484 491 498 505 512 519 526 533 540 547 554 561 568 575 582 589 596 603 610 617 624 631 638 645 652 659 666 673 680 687 694 701 708 715 722 729 736 743 750 757 764 771 778 785 792 799 806 813 820 827 834 841 848 855 862 869 876 883 890 897 904 911 918 925 932 939 946 953 960 967 974 981 988 995 2 9 16 23 30 37 44 51 58 65 72 79 86 93 100 
107 114 121 128 135 142 149 156 163 170 177 184 191 198 205 212 219 226 233 240 247 254 261 268 275 282 289 296 303 310 317 324 331 338 345 352 359 366 373 380 387 394 401 408 415 422 429 436 443 450 457 464 471 478 485 492 499 506 513 520 527 534 541 548 555 562 569 576 583 590 597 604 611 618 625 632 639 646 653 660 667 674 681 688 695 702 709 716 723 730 737 744 751 758 765 772 779 786 793 800 
807 814 821 828 835 842 849 856 863 870 877 884 891 898 905 912 919 926 933 940 947 954 961 968 975 982 989 996 3 10 17 24 31 38 45 52 59 66 73 80 87 94 101 108 115 122 129 136 143 150 157 164 171 178 185 192 199 206 213 220 227 234 241 248 255 262 269 276 283 290 297 304 311 318 325 332 339 346 353 360 367 374 381 388 395 402 409 416 423 430 437 444 451 458 465 472 479 486 493 500 
507 514 521 528 535 542 549 556 563 570 577 584 591 598 605 612 619 626 633 640 647 654 661 668 675 682 689 696 703 710 717 724 731 738 745 752 759 766 773 780 787 794 801 808 815 822 829 836 843 850 857 864 871 878 885 892 899 906 913 920 927 934 941 948 955 962 969 976 983 990 997 4 11 18 25 32 39 46 53 60 67 74 81 88 95 102 109 116 123 130 137 144 151 158 165 172 179 186 193 200 
207 214 221 228 235 242 249 256 263 270 277 284 291 298 305 312 319 326 333 340 347 354 361 368 375 382 389 396 403 410 417 424 431 438 445 452 459 466 473 480 487 494 501 508 515 522 529 536 543 550 557 564 571 578 585 592 599 606 613 620 627 634 641 648 655 662 669 676 683 690 697 704 711 718 725 732 739 746 753 760 767 774 781 788 795 802 809 816 823 830 837 844 851 858 865 872 879 886 893 900 
907 914 921 928 935 942 949 956 963 970 977 984 991 998 5 12 19 26 33 40 47 54 61 68 75 82 89 96 103 110 117 124 131 138 145 152 159 166 173 180 187 194 201 208 215 222 229 236 243 250 257 264 271 278 285 292 299 306 313 320 327 334 341 348 355 362 369 376 383 390 397 404 411 418 425 432 439 446 453 460 467 474 481 488 495 502 509 516 523 530 537 544 551 558 565 572 579 586 593 600 
607 614 621 628 635 642 649 656 663 670 677 684 691 698 705 712 719 726 733 740 747 754 761 768 775 782 789 796 803 810 817 824 831 838 845 852 859 866 873 880 887 894 901 908 915 922 929 936 943 950 957 964 971 978 985 992 999 6 13 20 27 34 41 48 55 62 69 76 83 90 97 104 111 118 125 132 139 146 153 160 167 174 181 188 195 202 209 216 223 230 237 244 251 258 265 272 279 286 293 300 
307 314 321 328 335 342 349 356 363 370 377 384 391 398 405 412 419 426 433 440 447 454 461 468 475 482 489 496 503 510 517 524 531 538 545 552 559 566 573 580 587 594 601 608 615 622 629 636 643 650 657 664 671 678 685 692 699 706 713 720 727 734 741 748 755 762 769 776 783 790 797 804 811 818 825 832 839 846 853 860 867 874 881 888 895 902 909 916 923 930 937 944 951 958 965 972 979 986 993 0 
7 14 21 28 35 42 49 56 63 70 77 84 91 98 105 112 119 126 133 140 147 154 161 168 175 182 189 196 203 210 217 224 231 238 245 252 259 266 273 280 287 294 301 308 315 322 329 336 343 350 357 364 371 378 385 392 399 406 413 420 427 434 441 448 455 462 469 476 483 490 497 504 511 518 525 532 539 546 553 560 567 574 581 588 595 602 609 616 623 630 637 644 651 658 665 672 679 686 693 700 
707 714 721 728 735 742 749 756 763 770 777 784 791 798 805 812 819 826 833 840 847 854 861 868 875 882 889 896 903 910 917 924 931 938 945 952 959 966 973 980 987 994 1 8 15 22 29 36 43 50 57 64 71 78 85 92 99 106 113 120 127 134 141 148 155 162 169 176 183 190 197 204 211 218 225 232 239 246 253 260 267 274 281 288 295 302 309 316 323 330 337 344 351 358 365 372 379 386 393 400 
407 414 421 428 435 442 449 456 463 470 477 484 491 498 505 512 519 526 533 540 547 554 561 568 575 582 589 596 603 610 617 624 631 638 645 652 659 666 673 680 687 694 701 708 715 722 729 736 743 750 757 764 771 778 785 792 799 806 813 820 827 834 841 848 855 862 869 876 883 890 897 904 911 918 925 932 939 946 953 960 967 974 981 988 995 2 9 16 23 30 37 44 51 58 65 72 79 86 93 100 
107 114 121 128 135 142 149 156 163 170 177 184 191 198 205 212 219 226 233 240 247 254 261 268 275 282 289 296 303 310 317 324 331 338 345 352 359 366 373 380 387 394 401 408 415 422 429 436 443 450 457 464 471 478 485 492 499 506 513 520 527 534 541 548 555 562 569 576 583 590 597 604 611 618 625 632 639 646 653 660 667 674 681 688 695 702 709 716 723 730 737 744 751 758 765 772 779 786 793 800 
807 814 821 828 835 842 849 856 863 870 877 884 891 898 905 912 919 926 933 940 947 954 961 968 975 982 989 996 3 10 17 24 31 38 45 52 59 66 73 80 87 94 101 108 115 122 129 136 143 150 157 164 171 178 185 192 199 206 213 220 227 234 241 248 255 262 269 276 283 290 297 304 311 318 325 332 339 346 353 360 367 374 381 388 395 402 409 416 423 430 437 444 451 458 465 472 479 486 493 500 
507 514 521 528 535 542 549 556 563 570 577 584 591 598 605 612 619 626 633 640 647 654 661 668 675 682 689 696 703 710 717 724 731 738 745 752 759 766 773 780 787 794 801 808 815 822 829 836 843 850 857 864 871 878 885 892 899 906 913 920 927 934 941 948 955 962 969 976 983 990 997 4 11 18 25 32 39 46 53 60 67 74 81 88 95 102 109 116 123 130 137 144 151 158 165 172 179 186 193 200 
207 214 221 228 235 242 249 256 263 270 277 284 291 298 305 312 319 326 333 340 347 354 361 368 375 382 389 396 403 410 417 424 431 438 445 452 459 466 473 480 487 494 501 508 515 522 529 536 543 550 557 564 571 578 585 592 599 606 613 620 627 634 641 648 655 662 669 676 683 690 697 704 711 718 725 732 739 746 753 760 767 774 781 788 795 802 809 816 823 830 837 844 851 858 865 872 879 886 893 900 
907 914 921 928 935 942 949 956 963 970 977 984 991 998 5 12 19 26 33 40 47 54 61 68 75 82 89 96 103 110 117 124 131 138 145 152 159 166 173 180 187 194 201 208 215 222 229 236 243 250 257 264 271 278 285 292 299 306 313 320 327 334 341 348 355 362 369 376 383 390 397 404 411 418 425 432 439 446 453 460 467 474 481 488 495 502 509 516 523 530 537 544 551 558 565 572 579 586 593 600 
607 614 621 628 635 642 649 656 663 670 677 684 691 698 705 712 719 726 733 740 747 754 761 768 775 782 789 796 803 810 817 824 831 838 845 852 859 866 873 880 887 894 901 908 915 922 929 936 943 950 957 964 971 978 985 992 999 6 13 20 27 34 41 48 55 62 69 76 83 90 97 104 111 118 125 132 139 146 153 160 167 174 181 188 195 202 209 216 223 230 237 244 251 258 265 272 279 286 293 300 
307 314 321 328 335 342 349 356 363 370 377 384 391 398 405 412 419 426 433 440 447 454 461 468 475 482 489 496 503 510 517 524 531 538 545 552 559 566 573 580 587 594 601 608 615 622 629 636 643 650 657 664 671 678 685 692 699 706 713 720 727 734 741 748 755 762 769 776 783 790 797 804 811 818 825 832 839 846 853 860 867 874 881 888 895 902 909 916 923 930 937 944 951 958 965 972 979 986 993 0 
7 14 21 28 35 42 49 56 63 70 77 84 91 98 105 112 119 126 133 140 147 154 161 168 175 182 189 196 203 210 217 224 231 238 245 252 259 266 273 280 287 294 301 308 315 322 329 336 343 350 357 364 371 378 385 392 399 406 413 420 427 434 441 448 455 462 469 476 483 490 497 504 511 518 525 532 539 546 553 560 567 574 581 588 595 602 609 616 623 630 637 644 651 658 665 672 679 686 693 700 
707 714 721 728 735 742 749 756 763 770 777 784 791 798 805 812 819 826 833 840 847 854 861 868 875 882 889 896 903 910 917 924 931 938 945 952 959 966 973 980 987 994 1 8 15 22 29 36 43 50 57 64 71 78 85 92 99 106 113 120 127 134 141 148 155 162 169 176 183 190 197 204 211 218 225 232 239 246 253 260 267 274 281 288 295 302 309 316 323 330 337 344 351 358 365 372 379 386 393 400 
407 414 421 428 435 442 449 456 463 470 477 484 491 498 505 512 519 526 533 540 547 554 561 568 575 582 589 596 603 610 617 624 631 638 645 652 659 666 673 680 687 694 701 708 715 722 729 736 743 750 757 764 771 778 785 792 799 806 813 820 827 834 841 848 855 862 869 876 883 890 897 904 911 918 925 932 939 946 953 960 967 974 981 988 995 2 9 16 23 30 37 44 51 58 65 72 79 86 93 100 
107 114 121 128 135 142 149 156 163 170 177 184 191 198 205 212 219 226 233 240 247 254 261 268 275 282 289 296 303 310 317 324 331 338 345 352 359 366 373 380 387 394 401 408 415 422 429 436 443 450 457 464 471 478 485 492 499 506 513 520 527 534 541 548 555 562 569 576 583 590 597 604 611 618 625 632 639 646 653 660 667 674 681 688 695 702 709 716 723 730 737 744 751 758 765 772 779 786 793 800 
807 814 821 828 835 842 849 856 863 870 877 884 891 898 905 912 919 926 933 940 947 954 961 968 975 982 989 996 3 10 17 24 31 38 45 52 59 66 73 80 87 94 101 108 115 122 129 136 143 150 157 164 171 178 185 192 199 206 213 220 227 234 241 248 255 262 269 276 283 290 297 304 311 318 325 332 339 346 353 360 367 374 381 388 395 402 409 416 423 430 437 444 451 458 465 472 479 486 493 500 
507 514 521 528 535 542 549 556 563 570 577 584 591 598 605 612 619 626 633 640 647 654 661 668 675 682 689 696 703 710 717 724 731 738 745 752 759 766 773 780 787 794 801 808 815 822 829 836 843 850 857 864 871 878 885 892 899 906 913 920 927 934 941 948 955 962 969 976 983 990 997 4 11 18 25 32 39 46 53 60 67 74 81 88 95 102 109 116 123 130 137 144 151 158 165 172 179 186 193 200 
207 214 221 228 235 242 249 256 263 270 277 284 291 298 305 312 319 326 333 340 347 354 361 368 375 382 389 396 403 410 417 424 431 438 445 452 459 466 473 480 487 494 501 508 515 522 529 536 543 550 557 564 571 578 585 592 599 606 613 620 627 634 641 648 655 662 669 676 683 690 697 704 711 718 725 732 739 746 753 760 767 774 781 788 795 802 809 816 823 830 837 844 851 858 865 872 879 886 893 900 
907 914 921 928 935 942 949 956 963 970 977 984 991 998 5 12 19 26 33 40 47 54 61 68 75 82 89 96 103 110 117 124 131 138 145 152 159 166 173 180 187 194 201 208 215 222 229 236 243 250 257 264 271 278 285 292 299 306 313 320 327 334 341 348 355 362 369 376 383 390 397 404 411 418 425 432 439 446 453 460 467 474 481 488 495 502 509 516 523 530 537 544 551 558 565 572 579 586 593 600 
607 614 621 628 635 642 649 656 663 670 677 684 691 698 705 712 719 726 733 740 747 754 761 768 775 782 789 796 803 810 817 824 831 838 845 852 859 866 873 880 887 894 901 908 915 922 929 936 943 950 957 964 971 978 985 992 999 6 13 20 27 34 41 48 55 62 69 76 83 90 97 104 111 118 125 132 139 146 153 160 167 174 181 188 195 202 209 216 223 230 237 244 251 258 265 272 279 286 293 300 
307 314 321 328 335 342 349 356 363 370 377 384 391 398 405 412 419 426 433 440 447 454 461 468 475 482 489 496 503 510 517 524 531 538 545 552 559 566 573 580 587 594 601 608 615 622 629 636 643 650 657 664 671 678 685 692 699 706 713 720 727 734 741 748 755 762 769 776 783 790 797 804 811 818 825 832 839 846 853 860 867 874 881 888 895 902 909 916 923 930 937 944 951 958 965 972 979 986 993 0 
7 14 21 28 35 42 49 56 63 70 77 84 91 98 105 112 119 126 133 140 147 154 161 168 175 182 189 196 203 210 217 224 231 238 245 252 259 266 273 280 287 294 301 308 315 322 329 336 343 350 357 364 371 378 385 392 399 406 413 420 427 434 441 448 455 462 469 476 483 490 497 504 511 518 525 532 539 546 553 560 567 574 581 588 595 602 609 616 623 630 637 644 651 658 665 672 679 686 693 700 
707 714 721 728 735 742 749 756 763 770 777 784 791 798 805 812 819 826 833 840 847 854 861 868 875 882 889 896 903 910 917 924 931 938 945 952 959 966 973 980 987 994 1 8 15 22 29 36 43 50 57 64 71 78 85 92 99 106 113 120 127 134 141 148 155 162 169 176 183 190 197 204 211 218 225 232 239 246 253 260 267 274 281 288 295 302 309 316 323 330 337 344 351 358 365 372 379 386 393 400 
407 414 421 428 435 442 449 456 463 470 477 484 491 498 505 512 519 526 533 540 547 554 561 568 575 582 589 596 603 610 617 624 631 638 645 652 659 666 673 680 687 694 701 708 715 722 729 736 743 750 757 764 771 778 785 792 799 806 813 820 827 834 841 848 855 862 869 876 883 890 897 904 911 918 925 932 939 946 953 960 967 974 981 988 995 2 9 16 23 30 37 44 51 58 65 72 79 86 93 100 
107 114 121 128 135 142 149 156 163 170 177 184 191 198 205 212 219 226 233 240 247 254 261 268 275 282 289 296 303 310 317 324 331 338 345 352 359 366 373 380 387 394 401 408 415 422 429 436 443 450 457 464 471 478 485 492 499 506 513 520 527 534 541 548 555 562 569 576 583 590 597 604 611 618 625 632 639 646 653 660 667 674 681 688 695 702 709 716 723 730 737 744 751 758 765 772 779 786 793 800 
807 814 821 828 835 842 849 856 863 870 877 884 891 898 905 912 919 926 933 940 947 954 961 968 975 982 989 996 3 10 17 24 31 38 45 52 59 66 73 80 87 94 101 108 115 122 129 136 143 150 157 164 171 178 185 192 199 206 213 220 227 234 241 248 255 262 269 276 283 290 297 304 311 318 325 332 339 346 353 360 367 374 381 388 395 402 409 416 423 430 437 444 451 458 465 472 479 486 493 500 
507 514 521 528 535 542 549 556 563 570 577 584 591 598 605 612 619 626 633 640 647 654 661 668 675 682 689 696 703 710 717 724 731 738 745 752 759 766 773 780 787 794 801 808 815 822 829 836 843 850 857 864 871 878 885 892 899 906 913 920 927 934 941 948 955 962 969 976 983 990 997 4 11 18 25 32 39 46 53 60 67 74 81 88 95 102 109 116 123 130 137 144 151 158 165 172 179 186 193 200 
207 214 221 228 235 242 249 256 263 270 277 284 291 298 305 312 319 326 333 340 347 354 361 368 375 382 389 396 403 410 417 424 431 438 445 452 459 466 473 480 487 494 501 508 515 522 529 536 543 550 557 564 571 578 585 592 599 606 613 620 627 634 641 648 655 662 669 676 683 690 697 704 711 718 725 732 739 746 753 760 767 774 781 788 795 802 809 816 823 830 837 844 851 858 865 872 879 886 893 900 
907 914 921 928 935 942 949 956 963 970 977 984 991 998 5 12 19 26 33 40 47 54 61 68 75 82 89 96 103 110 117 124 131 138 145 152 159 166 173 180 187 194 201 208 215 222 229 236 243 250 257 264 271 278 285 292 299 306 313 320 327 334 341 348 355 362 369 376 383 390 397 404 411 418 425 432 439 446 453 460 467 474 481 488 495 502 509 516 523 530 537 544 551 558 565 572 579 586 593 600 
607 614 621 628 635 642 649 656 663 670 677 684 691 698 705 712 719 726 733 740 747 754 761 768 775 782 789 796 803 810 817 824 831 838 845 852 859 866 873 880 887 894 901 908 915 922 929 936 943 950 957 964 971 978 985 992 999 6 13 20 27 34 41 48 55 62 69 76 83 90 97 104 111 118 125 132 139 146 153 160 167 174 181 188 195 202 209 216 223 230 237 244 251 258 265 272 279 286 293 300 
307 314 321 328 335 342 349 356 363 370 377 384 391 398 405 412 419 426 433 440 447 454 461 468 475 482 489 496 503 510 517 524 531 538 545 552 559 566 573 580 587 594 601 608 615 622 629 636 643 650 657 664 671 678 685 692 699 706 713 720 727 734 741 748 755 762 769 776 783 790 797 804 811 818 825 832 839 846 853 860 867 874 881 888 895 902 909 916 923 930 937 944 951 958 965 972 979 986 993 0 
7 14 21 28 35 42 49 56 63 70 77 84 91 98 105 112 119 126 133 140 147 154 161 168 175 182 189 196 203 210 217 224 231 238 245 252 259 266 273 280 287 294 301 308 315 322 329 336 343 350 357 364 371 378 385 392 399 406 413 420 427 434 441 448 455 462 469 476 483 490 497 504 511 518 525 532 539 546 553 560 567 574 581 588 595 602 609 616 623 630 637 644 651 658 665 672 679 686 693 700 
707 714 721 728 735 742 749 756 763 770 777 784 791 798 805 812 819 826 833 840 847 854 861 868 875 882 889 896 903 910 917 924 931 938 945 952 959 966 973 980 987 994 1 8 15 22 29 36 43 50 57 64 71 78 85 92 99 106 113 120 127 134 141 148 155 162 169 176 183 190 197 204 211 218 225 232 239 246 253 260 267 274 281 288 295 302 309 316 323 330 337 344 351 358 365 372 379 386 393 400 
407 414 421 428 435 442 449 456 463 470 477 484 491 498 505 512 519 526 533 540 547 554 561 568 575 582 589 596 603 610 617 624 631 638 645 652 659 666 673 680 687 694 701 708 715 722 729 736 743 750 757 764 771 778 785 792 799 806 813 820 827 834 841 848 855 862 869 876 883 890 897 904 911 918 925 932 939 946 953 960 967 974 981 988 995 2 9 16 23 30 37 44 51 58 65 72 79 86 93 100 
107 114 121 128 135 142 149 156 163 170 177 184 191 198 205 212 219 226 233 240 247 254 261 268 275 282 289 296 303 310 317 324 331 338 345 352 359 366 373 380 387 394 401 408 415 422 429 436 443 450 457 464 471 478 485 492 499 506 513 520 527 534 541 548 555 562 569 576 583 590 597 604 611 618 625 632 639 646 653 660 667 674 681 688 695 702 709 716 723 730 737 744 751 758 765 772 779 786 793 800 
807 814 821 828 835 842 849 856 863 870 877 884 891 898 905 912 919 926 933 940 947 954 961 968 975 982 989 996 3 10 17 24 31 38 45 52 59 66 73 80 87 94 101 108 115 122 129 136 143 150 157 164 171 178 185 192 199 206 213 220 227 234 241 248 255 262 269 276 283 290 297 304 311 318 325 332 339 346 353 360 367 374 381 388 395 402 409 416 423 430 437 444 451 458 465 472 479 486 493 500 
507 514 521 528 535 542 549 556 563 570 577 584 591 598 605 612 619 626 633 640 647 654 661 668 675 682 689 696 703 710 717 724 731 738 745 752 759 766 773 780 787 794 801 808 815 822 829 836 843 850 857 864 871 878 885 892 899 906 913 920 927 934 941 948 955 962 969 976 983 990 997 4 11 18 25 32 39 46 53 60 67 74 81 88 95 102 109 116 123 130 137 144 151 158 165 172 179 186 193 200 
207 214 221 228 235 242 249 256 263 270 277 284 291 298 305 312 319 326 333 340 347 354 361 368 375 382 389 396 403 410 417 424 431 438 445 452 459 466 473 480 487 494 501 508 515 522 529 536 543 550 557 564 571 578 585 592 599 606 613 620 627 634 641 648 655 662 669 676 683 690 697 704 711 718 725 732 739 746 753 760 767 774 781 788 795 802 809 816 823 830 837 844 851 858 865 872 879 886 893 900 
907 914 921 928 935 942 949 956 963 970 977 984 991 998 5 12 19 26 33 40 47 54 61 68 75 82 89 96 103 110 117 124 131 138 145 152 159 166 173 180 187 194 201 208 215 222 229 236 243 250 257 264 271 278 285 292 299 306 313 320 327 334 341 348 355 362 369 376 383 390 397 404 411 418 425 432 439 446 453 460 467 474 481 488 495 502 509 516 523 530 537 544 551 558 565 572 579 586 593 600 
607 614 621 628 635 642 649 656 663 670 677 684 691 698 705 712 719 726 733 740 747 754 761 768 775 782 789 796 803 810 817 824 831 838 845 852 859 866 873 880 887 894 901 908 915 922 929 936 943 950 957 964 971 978 985 992 999 6 13 20 27 34 41 48 55 62 69 76 83 90 97 104 111 118 125 132 139 146 153 160 167 174 181 188 195 202 209 216 223 230 237 244 251 258 265 272 279 286 293 300 
307 314 321 328 335 342 349 356 363 370 377 384 391 398 405 412 419 426 433 440 447 454 461 468 475 482 489 496 503 510 517 524 531 538 545 552 559 566 573 580 587 594 601 608 615 622 629 636 643 650 657 664 671 678 685 692 699 706 713 720 727 734 741 748 755 762 769 776 783 790 797 804 811 818 825 832 839 846 853 860 867 874 881 888 895 902 909 916 923 930 937 944 951 958 965 972 979 986 993 0 
7 14 21 28 35 42 49 56 63 70 77 84 91 98 105 112 119 126 133 140 147 154 161 168 175 182 189 196 203 210 217 224 231 238 245 252 259 266 273 280 287 294 301 308 315 322 329 336 343 350 357 364 371 378 385 392 399 406 413 420 427 434 441 448 455 462 469 476 483 490 497 504 511 518 525 532 539 546 553 560 567 574 581 588 595 602 609 616 623 630 637 644 651 658 665 672 679 686 693 700 
707 714 721 728 735 742 749 756 763 770 777 784 791 798 805 812 819 826 833 840 847 854 861 868 875 882 889 896 903 910 917 924 931 938 945 952 959 966 973 980 987 994 1 8 15 22 29 36 43 50 57 64 71 78 85 92 99 106 113 120 127 134 141 148 155 162 169 176 183 190 197 204 211 218 225 232 239 246 253 260 267 274 281 288 295 302 309 316 323 330 337 344 351 358 365 372 379 386 393 400 
407 414 421 428 435 442 449 456 463 470 477 484 491 498 505 512 519 526 533 540 547 554 561 568 575 582 589 596 603 610 617 624 631 638 645 652 659 666 673 680 687 694 701 708 715 722 729 736 743 750 757 764 771 778 785 792 799 806 813 820 827 834 841 848 855 862 869 876 883 890 897 904 911 918 925 932 939 946 953 960 967 974 981 988 995 2 9 16 23 30 37 44 51 58 65 72 79 86 93 100 
107 114 121 128 135 142 149 156 163 170 177 184 191 198 205 212 219 226 233 240 247 254 261 268 275 282 289 296 303 310 317 324 331 338 345 352 359 366 373 380 387 394 401 408 415 422 429 436 443 450 457 464 471 478 485 492 499 506 513 520 527 534 541 548 555 562 569 576 583 590 597 604 611 618 625 632 639 646 653 660 667 674 681 688 695 702 709 716 723 730 737 744 751 758 765 772 779 786 793 800 
807 814 821 828 835 842 849 856 863 870 877 884 891 898 905 912 919 926 933 940 947 954 961 968 975 982 989 996 3 10 17 24 31 38 45 52 59 66 73 80 87 94 101 108 115 122 129 136 143 150 157 164 171 178 185 192 199 206 213 220 227 234 241 248 255 262 269 276 283 290 297 304 311 318 325 332 339 346 353 360 367 374 381 388 395 402 409 416 423 430 437 444 451 458 465 472 479 486 493 500 
507 514 521 528 535 542 549 556 563 570 577 584 591 598 605 612 619 626 633 640 647 654 661 668 675 682 689 696 703 710 717 724 731 738 745 752 759 766 773 780 787 794 801 808 815 822 829 836 843 850 857 864 871 878 885 892 899 906 913 920 927 934 941 948 955 962 969 976 983 990 997 4 11 18 25 32 39 46 53 60 67 74 81 88 95 102 109 116 123 130 137 144 151 158 165 172 179 186 193 200 
207 214 221 228 235 242 249 256 263 270 277 284 291 298 305 312 319 326 333 340 347 354 361 368 375 382 389 396 403 410 417 424 431 438 445 452 459 466 473 480 487 494 501 508 515 522 529 536 543 550 557 564 571 578 585 592 599 606 613 620 627 634 641 648 655 662 669 676 683 690 697 704 711 718 725 732 739 746 753 760 767 774 781 788 795 802 809 816 823 830 837 844 851 858 865 872 879 886 893 900 
907 914 921 928 935 942 949 956 963 970 977 984 991 998 5 12 19 26 33 40 47 54 61 68 75 82 89 96 103 110 117 124 131 138 145 152 159 166 173 180 187 194 201 208 215 222 229 236 243 250 257 264 271 278 285 292 299 306 313 320 327 334 341 348 355 362 369 376 383 390 397 404 411 418 425 432 439 446 453 460 467 474 481 488 495 502 509 516 523 530 537 544 551 558 565 572 579 586 593 600 
607 614 621 628 635 642 649 656 663 670 677 684 691 698 705 712 719 726 733 740 747 754 761 768 775 782 789 796 803 810 817 824 831 838 845 852 859 866 873 880 887 894 901 908 915 922 929 936 943 950 957 964 971 978 985 992 999 6 13 20 27 34 41 48 55 62 69 76 83 90 97 104 111 118 125 132 139 146 153 160 167 174 181 188 195 202 209 216 223 230 237 244 251 258 265 272 279 286 293 300 
307 314 321 328 335 342 349 356 363 370 377 384 391 398 405 412 419 426 433 440 447 454 461 468 475 482 489 496 503 510 517 524 531 538 545 552 559 566 573 580 587 594 601 608 615 622 629 636 643 650 657 664 671 678 685 692 699 706 713 720 727 734 741 748 755 762 769 776 783 790 797 804 811 818 825 832 839 846 853 860 867 874 881 888 895 902 909 916 923 930 937 944 951 958 965 972 979 986 993 0 
7 14 21 28 35 42 49 56 63 70 77 84 91 98 105 112 119 126 133 140 147 154 161 168 175 182 189 196 203 210 217 224 231 238 245 252 259 266 273 280 287 294 301 308 315 322 329 336 343 350 357 364 371 378 385 392 399 406 413 420 427 434 441 448 455 462 469 476 483 490 497 504 511 518 525 532 539 546 553 560 567 574 581 588 595 602 609 616 623 630 637 644 651 658 665 672 679 686 693 700 
707 714 721 728 735 742 749 756 763 770 777 784 791 798 805 812 819 826 833 840 847 854 861 868 875 882 889 896 903 910 917 924 931 938 945 952 959 966 973 980 987 994 1 8 15 22 29 36 43 50 57 64 71 78 85 92 99 106 113 120 127 134 141 148 155 162 169 176 183 190 197 204 211 218 225 232 239 246 253 260 267 274 281 288 295 302 309 316 323 330 337 344 351 358 365 372 379 386 393 400 
407 414 421 428 435 442 449 456 463 470 477 484 491 498 505 512 519 526 533 540 547 554 561 568 575 582 589 596 603 610 617 624 631 638 645 652 659 666 673 680 687 694 701 708 715 722 729 736 743 750 757 764 771 778 785 792 799 806 813 820 827 834 841 848 855 862 869 876 883 890 897 904 911 918 925 932 939 946 953 960 967 974 981 988 995 2 9 16 23 30 37 44 51 58 65 72 79 86 93 100 
107 114 121 128 135 142 149 156 163 170 177 184 191 198 205 212 219 226 233 240 247 254 261 268 275 282 289 296 303 310 317 324 331 338 345 352 359 366 373 380 387 394 401 408 415 422 429 436 443 450 457 464 471 478 485 492 499 506 513 520 527 534 541 548 555 562 569 576 583 590 597 604 611 618 625 632 639 646 653 660 667 674 681 688 695 702 709 716 723 730 737 744 751 758 765 772 779 786 793 800 
807 814 821 828 835 842 849 856 863 870 877 884 891 898 905 912 919 926 933 940 947 954 961 968 975 982 989 996 3 10 17 24 31 38 45 52 59 66 73 80 87 94 101 108 115 122 129 136 143 150 157 164 171 178 185 192 199 206 213 220 227 234 241 248 255 262 269 276 283 290 297 304 311 318 325 332 339 346 353 360 367 374 381 388 395 402 409 416 423 430 437 444 451 458 465 472 479 486 493 500 
507 514 521 528 535 542 549 556 563 570 577 584 591 598 605 612 619 626 633 640 647 654 661 668 675 682 689 696 703 710 717 724 731 738 745 752 759 766 773 780 787 794 801 808 815 822 829 836 843 850 857 864 871 878 885 892 899 906 913 920 927 934 941 948 955 962 969 976 983 990 997 4 11 18 25 32 39 46 53 60 67 74 81 88 95 102 109 116 123 130 137 144 151 158 165 172 179 186 193 200 
207 214 221 228 235 242 249 256 263 270 277 284 291 298 305 312 319 326 333 340 347 354 361 368 375 382 389 396 403 410 417 424 431 438 445 452 459 466 473 480 487 494 501 508 515 522 529 536 543 550 557 564 571 578 585 592 599 606 613 620 627 634 641 648 655 662 669 676 683 690 697 704 711 718 725 732 739 746 753 760 767 774 781 788 795 802 809 816 823 830 837 844 851 858 865 872 879 886 893 900 
907 914 921 928 935 942 949 956 963 970 977 984 991 998 5 12 19 26 33 40 47 54 61 68 75 82 89 96 103 110 117 124 131 138 145 152 159 166 173 180 187 194 201 208 215 222 229 236 243 250 257 264 271 278 285 292 299 306 313 320 327 334 341 348 355 362 369 376 383 390 397 404 411 418 425 432 439 446 453 460 467 474 481 488 495 502 509 516 523 530 537 544 551 558 565 572 579 586 593 600 
607 614 621 628 635 642 649 656 663 670 677 684 691 698 705 712 719 726 733 740 747 754 761 768 775 782 789 796 803 810 817 824 831 838 845 852 859 866 873 880 887 894 901 908 915 922 929 936 943 950 957 964 971 978 985 992 999 6 13 20 27 34 41 48 55 62 69 76 83 90 97 104 111 118 125 132 139 146 153 160 167 174 181 188 195 202 209 216 223 230 237 244 251 258 265 272 279 286 293 300 
307 314 321 328 335 342 349 356 363 370 377 384 391 398 405 412 419 426 433 440 447 454 461 468 475 482 489 496 503 510 517 524 531 538 545 552 559 566 573 580 587 594 601 608 615 622 629 636 643 650 657 664 671 678 685 692 699 706 713 720 727 734 741 748 755 762 769 776 783 790 797 804 811 818 825 832 839 846 853 860 867 874 881 888 895 902 909 916 923 930 937 944 951 958 965 972 979 986 993 0 
7 14 21 28 35 42 49 56 63 70 77 84 91 98 105 112 119 126 133 140 147 154 161 168 175 182 189 196 203 210 217 224 231 238 245 252 259 266 273 280 287 294 301 308 315 322 329 336 343 350 357 364 371 378 385 392 399 406 413 420 427 434 441 448 455 462 469 476 483 490 497 504 511 518 525 532 539 546 553 560 567 574 581 588 595 602 609 616 623 630 637 644 651 658 665 672 679 686 693 700 
707 714 721 728 735 742 749 756 763 770 777 784 791 798 805 812 819 826 833 840 847 854 861 868 875 882 889 896 903 910 917 924 931 938 945 952 959 966 973 980 987 994 1 8 15 22 29 36 43 50 57 64 71 78 85 92 99 106 113 120 127 134 141 148 155 162 169 176 183 190 197 204 211 218 225 232 239 246 253 260 267 274 281 288 295 302 309 316 323 330 337 344 351 358 365 372 379 386 393 400 
407 414 421 428 435 442 449 456 463 470 477 484 491 498 505 512 519 526 533 540 547 554 561 568 575 582 589 596 603 610 617 624 631 638 645 652 659 666 673 680 687 694 701 708 715 722 729 736 743 750 757 764 771 778 785 792 799 806 813 820 827 834 841 848 855 862 869 876 883 890 897 904 911 918 925 932 939 946 953 960 967 974 981 988 995 2 9 16 23 30 37 44 51 58 65 72 79 86 93 100 
107 114 121 128 135 142 149 156 163 170 177 184 191 198 205 212 219 226 233 240 247 254 261 268 275 282 289 296 303 310 317 324 331 338 345 352 359 366 373 380 387 394 401 408 415 422 429 436 443 450 457 464 471 478 485 492 499 506 513 520 527 534 541 548 555 562 569 576 583 590 597 604 611 618 625 632 639